450
34 160 214 7
12 84 97 3
13 190 207 6
25 70 116 28
18 156 182 30
36 60 113 25
11 34 54 5
7 57 66 33
19 3 32 27
14 128 152 26
27 151 191 26
42 87 139 3
27 84 128 32
16 53 71 24
15 100 116 23
8 166 174 40
22 35 75 7
39 77 151 21
10 59 69 6
42 121 201 25
14 184 200 5
32 196 255 2
20 47 84 1
20 144 169 9
29 200 256 0
32 157 205 41
38 217 277 32
9 132 145 1
43 211 283 20
40 189 262 1
12 189 207 13
18 5 40 21
3 179 183 23
38 105 143 31
32 194 248 30
40 18 58 3
36 66 109 12
7 138 149 18
9 64 74 21
34 62 109 8
18 53 88 14
24 179 219 10
11 91 102 15
5 131 139 1
33 80 142 30
23 152 192 26
38 165 227 6
23 205 244 18
6 54 62 18
5 221 228 26
37 171 212 34
13 185 198 36
21 166 200 13
8 74 82 27
36 224 292 32
32 216 271 23
24 42 75 13
9 122 131 40
12 160 176 24
17 131 162 14
10 16 29 24
8 39 52 18
14 163 183 20
20 12 36 1
27 216 262 20
37 150 197 39
10 9 28 16
14 23 50 16
35 155 202 18
6 41 50 10
18 164 188 4
41 173 232 27
39 31 88 42
42 61 123 21
19 72 93 28
41 80 126 13
7 120 131 28
44 128 183 36
20 56 78 7
32 136 186 11
14 12 26 27
27 100 133 9
45 179 255 30
8 52 67 4
27 101 151 15
34 117 163 22
26 149 196 42
44 53 114 14
9 155 171 35
26 92 136 11
29 214 268 36
25 27 60 22
31 84 142 36
36 175 230 3
42 174 256 29
5 171 180 6
32 112 167 40
25 58 87 9
16 122 138 39
4 218 225 10
19 16 46 4
45 177 255 32
39 215 284 0
2 155 157 42
10 96 106 35
26 191 233 32
31 200 254 25
1 70 71 12
35 224 261 30
27 33 81 29
34 115 149 14
19 105 132 30
36 95 164 41
29 165 204 32
39 155 232 10
37 181 241 23
10 207 224 17
43 211 269 1
23 140 174 1
4 9 13 38
42 122 201 14
44 219 295 11
34 65 103 31
36 164 228 0
25 6 40 9
2 222 224 16
2 149 152 12
4 65 71 38
27 117 151 30
4 103 109 33
13 206 227 30
7 136 144 7
25 7 44 3
42 43 119 41
27 20 68 3
10 5 15 17
32 87 129 13
42 120 203 7
13 204 228 24
15 5 26 42
43 145 216 2
2 169 172 37
9 120 134 29
8 153 165 8
23 189 225 33
31 155 212 3
13 63 79 25
28 124 163 13
21 0 33 26
31 51 92 9
17 98 127 16
32 84 135 14
39 185 258 20
39 152 209 28
30 22 57 28
22 47 78 19
45 51 105 32
37 139 181 5
17 103 123 40
27 141 183 32
34 180 238 42
20 221 242 10
10 45 62 33
33 136 185 5
24 36 76 9
33 32 70 20
41 129 199 2
20 143 172 9
31 16 54 42
40 147 216 28
14 52 67 30
3 7 11 0
17 170 200 12
3 64 68 24
42 56 138 38
15 151 177 12
14 186 212 12
11 18 35 12
7 218 225 17
20 138 168 18
6 162 169 7
3 134 137 40
36 206 253 31
40 116 164 9
21 55 87 39
12 153 173 31
45 60 139 21
21 182 204 10
27 193 240 27
23 120 144 11
23 102 128 14
8 1 11 39
17 128 153 24
13 97 118 6
36 224 263 13
5 190 195 2
26 19 65 35
2 99 101 33
27 135 181 14
3 13 16 14
5 14 23 33
30 24 56 16
33 212 267 13
17 159 185 37
45 86 166 13
5 56 61 10
43 57 124 36
41 72 141 21
43 62 129 6
32 149 199 13
8 138 147 22
4 61 67 17
15 39 58 41
2 28 31 19
20 28 52 40
43 23 78 20
31 32 93 27
34 90 127 36
41 214 292 34
25 171 216 37
25 53 89 17
10 216 228 43
39 64 116 0
13 118 142 40
21 168 204 37
23 222 257 25
26 77 103 10
4 219 226 3
43 119 188 11
25 182 222 22
20 87 125 36
11 200 213 40
5 184 193 21
40 116 179 24
20 130 150 23
27 25 70 32
8 144 157 39
10 5 17 19
2 109 112 8
19 56 76 27
20 62 99 42
31 70 126 7
45 184 273 26
19 7 39 14
40 127 194 16
38 19 79 27
6 38 46 42
10 0 15 19
21 33 58 5
23 103 146 4
23 158 189 32
42 138 207 34
36 119 157 10
1 145 146 6
6 219 228 19
1 89 90 9
35 179 226 42
23 224 266 30
6 160 167 14
8 74 83 34
12 186 204 41
14 102 126 14
29 192 227 40
44 179 237 43
1 179 180 23
11 175 195 9
38 83 151 36
45 124 181 22
42 122 205 24
39 125 178 41
3 109 112 36
32 25 57 0
10 90 106 16
40 18 60 35
4 66 72 2
38 7 79 44
6 13 19 41
6 164 173 28
23 62 93 8
9 16 25 35
28 84 129 23
35 13 53 14
25 62 107 44
6 139 150 34
17 48 76 40
18 195 225 43
4 176 180 39
28 21 72 29
20 16 39 15
32 55 101 11
21 216 252 19
16 62 78 35
14 113 128 11
1 147 148 17
27 134 161 27
39 207 257 27
43 64 135 16
25 210 248 9
25 203 238 36
7 199 211 9
12 128 145 18
25 136 176 16
5 70 77 38
2 171 173 27
1 32 33 31
37 66 104 33
37 149 187 29
26 12 59 17
33 142 186 36
20 68 97 0
16 28 48 7
30 184 226 44
44 162 224 13
29 126 170 40
25 223 264 37
40 116 181 24
38 128 201 29
12 173 186 27
29 66 108 42
24 39 70 43
32 90 123 11
31 191 232 4
30 72 107 20
39 114 173 12
15 72 95 16
26 29 74 4
15 122 139 2
27 166 212 6
30 154 211 13
10 161 180 36
37 191 264 14
18 210 242 22
16 200 225 30
13 32 53 18
29 116 163 14
11 10 26 14
34 94 158 4
11 198 219 9
13 84 104 0
20 205 238 38
5 139 147 44
30 200 253 26
38 104 146 24
44 102 170 25
40 116 164 19
4 192 197 17
10 57 73 29
1 90 91 7
44 199 267 18
40 65 106 21
21 59 81 23
17 19 41 32
10 154 172 38
20 128 165 8
32 15 47 12
6 86 97 10
38 44 85 30
40 22 94 33
30 1 35 13
43 118 201 38
26 88 137 16
29 90 140 18
8 111 120 11
38 177 252 19
32 158 209 6
39 97 173 42
3 71 74 27
27 198 236 12
27 156 201 27
4 100 107 42
1 201 202 39
10 52 67 30
18 31 64 25
1 99 100 30
30 81 114 4
33 158 195 15
9 45 58 40
38 88 153 40
19 171 204 10
17 179 209 33
39 30 102 10
36 141 186 12
42 97 162 19
37 186 242 42
13 211 224 18
21 199 238 5
5 0 9 6
22 121 148 12
18 224 259 8
44 135 212 33
1 79 80 36
7 13 20 17
27 194 227 3
23 201 233 36
3 69 73 5
9 135 145 36
29 17 56 31
39 12 60 8
2 155 157 30
32 28 88 40
3 10 14 17
44 31 105 2
5 49 58 1
2 20 22 6
44 117 161 36
27 1 28 10
34 99 162 19
39 109 183 9
20 85 109 35
3 178 181 35
15 100 128 18
9 47 60 3
3 109 113 9
17 40 67 11
10 145 155 4
29 95 151 4
13 148 167 18
31 144 196 2
28 36 81 6
42 154 220 23
18 136 162 16
18 135 169 19
21 204 239 29
35 40 78 2
42 61 103 16
32 187 245 4
13 176 195 21
17 220 237 21
25 185 213 5
25 65 93 15
41 141 210 13
42 25 78 44
8 116 128 43
13 47 67 39
23 123 147 1
3 74 78 38
40 14 66 32
1 201 202 13
27 65 103 31
42 23 102 5
43 50 97 22
15 218 237 0
28 42 75 6
23 121 160 1
42 112 169 43
27 178 214 12
5 85 94 22
44 85 140 15
45 211 277 9
15 61 89 39
