500
1 101 102 40
48 104 188 14
33 27 81 23
27 91 118 1
18 10 28 11
14 236 259 23
5 102 111 30
26 60 98 1
21 208 244 2
1 121 122 32
1 134 135 4
48 42 137 40
3 113 118 38
33 242 296 21
1 190 191 48
41 234 300 0
50 209 285 25
4 120 126 12
45 102 167 41
37 176 221 21
13 45 62 23
37 90 151 47
41 141 182 7
27 222 265 31
31 164 221 10
9 126 136 6
45 119 195 28
47 30 94 13
4 55 61 40
38 214 289 33
46 88 141 38
30 190 237 34
38 20 81 24
24 141 169 44
6 128 138 18
43 91 150 2
26 142 183 6
11 215 232 39
12 242 258 49
7 130 141 15
2 121 123 49
50 2 63 4
42 12 87 10
49 189 279 44
11 141 160 46
30 117 163 42
24 81 126 43
18 192 227 39
17 140 168 40
11 71 91 9
14 189 206 46
41 70 112 10
41 87 153 13
38 92 163 22
26 230 266 13
41 118 167 42
17 17 44 4
33 14 48 5
9 126 141 39
24 103 136 48
40 104 171 11
48 44 94 3
26 100 137 4
47 125 172 8
10 18 34 35
17 245 265 9
25 229 255 22
41 187 244 10
12 159 178 16
45 249 337 14
26 33 70 32
2 79 82 28
2 30 33 0
24 231 268 43
18 24 48 44
39 156 203 23
7 147 156 35
6 78 87 1
8 94 109 4
22 7 50 18
25 145 178 16
37 108 155 49
40 39 115 18
6 5 16 31
7 239 246 38
20 67 90 36
8 29 37 1
10 72 84 18
48 36 125 9
4 137 144 14
25 132 179 46
33 159 210 42
24 168 214 15
36 4 55 44
16 12 40 3
7 217 228 8
43 143 217 46
34 217 269 42
41 128 178 2
18 120 139 37
4 166 170 48
3 31 36 43
28 67 113 41
47 39 87 49
41 38 107 36
42 249 302 33
30 93 135 49
46 137 202 22
23 104 139 22
40 212 267 9
40 16 60 32
48 108 178 33
44 172 236 32
5 235 244 21
6 214 220 6
35 125 160 15
20 115 150 0
48 162 252 43
8 158 168 32
15 85 108 28
16 61 78 9
35 216 255 3
11 246 260 4
32 62 120 22
11 134 149 29
2 137 140 9
32 33 95 42
46 194 258 15
30 58 114 27
38 64 117 19
10 74 88 36
28 244 296 26
35 74 115 13
36 37 87 43
50 56 110 27
29 117 160 22
8 49 61 42
45 211 268 3
40 97 161 46
8 221 232 37
29 150 199 15
11 38 54 14
34 186 221 23
41 1 72 11
17 113 142 47
7 57 70 14
25 125 173 20
17 9 32 9
43 6 77 38
13 204 228 10
29 20 51 21
14 102 121 5
34 229 285 47
21 50 72 36
22 139 178 15
34 233 271 39
38 235 279 18
1 9 10 41
13 29 51 38
29 181 221 8
35 149 207 29
36 38 79 19
37 28 67 30
40 117 194 11
5 202 208 2
29 170 226 41
25 41 74 1
10 133 151 30
14 190 216 12
15 52 67 35
31 235 277 24
50 33 109 22
36 10 79 3
8 145 158 8
10 151 163 2
13 173 195 6
3 71 76 40
39 172 238 21
34 13 66 20
1 203 204 24
13 162 185 13
3 146 149 37
48 62 150 22
43 58 111 0
34 225 263 3
18 100 124 38
49 18 114 14
29 215 258 31
34 182 216 9
19 113 150 39
8 241 251 2
34 208 267 28
43 59 110 6
48 75 123 27
34 43 104 11
25 146 173 25
27 121 162 20
30 106 149 2
43 31 80 38
8 70 83 6
38 180 248 11
10 164 174 20
3 247 252 26
27 40 72 34
40 170 214 29
16 0 24 44
13 206 227 2
22 132 158 3
37 89 126 40
26 213 263 47
4 219 224 3
26 131 165 49
21 158 194 44
28 159 200 49
28 201 234 5
21 18 44 39
18 218 240 31
15 193 219 46
33 88 128 1
22 155 185 23
19 126 148 34
49 107 173 5
36 15 81 25
28 48 84 32
13 144 158 7
33 12 49 46
16 126 153 49
34 132 171 6
33 154 187 16
23 234 273 21
45 207 293 38
20 68 91 41
36 100 169 25
33 105 155 20
17 86 110 23
32 181 242 10
37 187 244 34
44 30 113 32
45 50 102 48
5 153 160 46
26 60 87 16
1 152 153 15
34 99 159 30
46 34 97 13
36 114 164 35
7 227 236 16
8 141 151 35
40 131 184 39
21 121 144 38
14 162 176 19
5 128 134 31
41 53 131 45
5 76 81 13
17 218 241 15
35 214 274 3
31 62 118 3
24 154 190 8
25 154 184 48
4 108 115 4
17 12 44 3
20 6 30 25
11 109 129 37
33 200 254 20
45 12 78 34
35 114 170 33
15 36 53 18
16 190 212 2
34 229 271 5
8 220 235 32
45 78 140 6
46 10 57 44
45 221 274 22
3 206 209 45
23 138 183 29
11 95 115 12
1 214 215 30
39 61 134 15
34 198 253 46
13 45 59 24
30 112 152 6
42 17 86 21
4 49 54 46
44 213 282 36
35 110 151 28
3 232 237 27
10 124 141 12
13 184 203 28
8 199 212 4
38 4 65 44
47 42 122 42
35 27 80 47
6 63 74 41
10 34 49 36
38 194 251 39
18 213 236 10
22 142 178 16
41 243 321 40
35 171 239 34
1 144 145 2
46 125 185 19
36 150 198 41
44 41 108 29
9 217 234 3
7 135 143 35
25 197 238 10
15 149 167 27
50 160 247 36
6 178 187 16
37 75 147 16
7 175 184 16
2 107 109 40
2 104 107 49
14 77 100 45
39 138 179 2
27 224 275 13
36 120 188 21
15 46 63 6
2 164 167 24
7 140 149 15
40 90 139 42
34 130 192 40
47 85 143 24
1 29 30 45
36 190 253 19
42 117 180 44
16 155 172 32
22 187 226 11
42 233 284 39
37 25 68 19
8 168 182 30
8 160 172 38
9 172 184 40
46 239 290 30
22 20 49 46
19 14 50 25
3 89 92 8
29 212 244 26
30 228 270 40
10 124 136 13
17 90 115 48
5 77 83 3
9 58 75 4
20 122 155 4
4 58 63 33
46 78 154 31
17 10 42 12
27 182 227 8
35 12 65 43
39 35 100 16
30 76 127 23
19 117 143 35
44 140 212 16
32 224 262 41
23 114 144 35
1 57 58 47
29 74 128 23
28 120 164 8
2 153 156 29
24 219 248 44
40 154 233 48
33 95 128 30
43 180 240 13
40 193 250 45
18 93 126 9
14 61 83 33
32 162 223 2
13 40 65 37
27 87 120 39
32 22 70 20
37 185 223 2
28 17 47 41
10 109 123 13
44 175 248 12
31 149 210 14
2 99 101 21
16 39 69 45
31 81 136 32
1 187 188 47
18 8 33 46
18 154 187 46
30 223 262 38
24 141 176 22
33 158 195 5
10 123 136 43
23 155 196 7
38 218 273 28
7 207 215 19
11 62 75 40
5 126 131 13
29 52 99 25
26 43 77 28
5 200 208 31
26 54 83 20
39 144 198 1
33 167 204 48
44 11 63 25
17 23 48 42
31 106 166 34
32 195 234 23
36 116 157 13
33 204 250 21
39 93 149 5
39 84 151 5
10 188 207 30
29 66 105 36
50 239 304 31
17 95 128 10
15 116 138 44
38 143 183 23
1 121 122 42
30 51 81 19
38 43 108 17
35 240 292 49
29 130 170 43
6 71 81 11
25 85 131 40
37 27 98 31
20 2 37 10
2 157 159 22
49 176 253 0
41 48 110 26
22 43 75 41
35 137 200 17
20 3 31 31
40 35 84 41
49 31 84 26
44 229 307 6
10 7 26 3
29 175 224 42
8 233 244 1
17 153 175 8
9 208 224 8
10 11 28 36
7 32 45 4
12 164 185 47
16 120 139 39
11 170 187 47
50 203 272 23
34 170 219 36
9 10 23 17
22 42 84 33
49 201 287 6
42 98 169 8
39 151 190 40
9 153 165 8
31 54 106 24
29 9 41 45
43 179 261 6
30 157 193 29
17 15 32 17
36 236 275 42
18 192 211 2
23 101 140 48
36 163 207 45
33 56 118 24
33 156 207 1
34 26 75 34
14 191 208 41
16 91 120 38
27 156 205 36
31 241 300 38
8 102 111 21
16 245 273 40
47 31 90 1
33 244 309 39
2 29 32 34
14 52 76 12
27 133 177 28
23 88 117 38
8 204 216 49
4 22 27 48
2 234 237 48
22 244 283 17
20 186 217 18
42 106 170 27
36 217 268 2
7 233 244 36
37 101 174 20
21 84 114 42
15 69 92 14
1 45 46 26
28 166 203 8
24 37 79 30
35 47 86 8
23 118 151 34
22 221 257 1
15 38 56 11
36 129 196 14
5 190 198 24
27 43 90 30
16 34 62 11
10 76 93 47
8 234 246 37
8 6 16 36
33 18 59 18
27 228 276 28
49 122 204 48
50 112 171 10
4 26 30 17
20 80 117 28
