350
17 5 34 4
32 74 117 2
14 61 85 22
15 48 75 26
27 55 108 12
23 95 134 25
26 111 139 1
23 77 100 20
34 1 43 24
2 71 73 22
6 33 43 1
25 61 105 23
18 145 174 9
9 92 104 27
34 126 170 3
8 112 120 11
35 22 82 30
20 137 176 18
24 147 172 4
12 116 139 14
10 62 78 23
22 30 65 23
27 146 195 31
26 3 53 28
7 136 147 4
14 90 112 13
13 96 116 32
28 72 118 17
3 115 119 18
32 53 107 24
19 136 162 3
15 136 151 11
30 107 155 33
26 151 180 20
11 1 12 1
13 37 52 7
24 151 185 32
10 82 100 5
8 95 104 31
3 174 178 10
25 47 85 4
29 119 149 3
11 24 40 20
16 47 68 5
35 126 182 17
4 171 175 31
5 130 135 16
13 42 64 27
23 39 74 21
31 85 119 27
13 103 123 12
12 46 58 21
20 111 150 5
31 79 133 27
28 21 49 31
10 42 54 8
17 58 82 8
14 89 113 12
28 77 132 11
21 98 131 30
30 112 151 6
27 55 87 18
28 168 200 13
27 162 212 29
10 65 80 16
4 4 11 16
25 93 134 25
13 19 33 14
7 71 80 30
20 70 100 0
29 104 148 6
35 21 88 5
32 119 161 27
9 80 95 15
7 87 100 29
7 70 81 14
30 104 140 32
14 14 28 4
22 140 174 25
6 47 53 10
8 155 166 17
28 44 80 30
13 44 66 24
8 11 19 17
33 119 166 30
1 62 63 14
6 42 50 1
29 31 77 17
17 19 52 14
33 57 120 1
26 65 92 21
7 164 173 27
33 26 60 33
8 149 158 3
33 150 190 19
10 89 107 26
34 118 154 27
2 29 31 23
35 1 61 1
24 138 162 22
12 82 95 10
10 42 61 25
25 109 151 13
10 122 138 21
4 52 57 27
17 166 183 6
28 64 103 4
20 54 93 20
27 101 151 11
4 147 152 29
26 45 83 22
3 22 25 12
2 154 157 8
26 118 165 19
7 134 141 32
21 129 160 24
28 148 186 27
1 40 41 29
22 21 45 25
2 12 15 23
16 156 172 1
4 31 38 5
11 168 182 3
21 19 40 4
18 11 40 4
22 122 154 34
26 87 118 30
5 156 161 0
28 150 182 6
21 98 125 0
17 92 123 8
4 160 164 18
32 147 192 21
4 169 176 6
1 135 136 8
16 54 76 3
11 57 78 28
6 44 51 24
27 169 219 16
28 123 153 28
31 85 127 3
3 154 158 33
20 85 108 4
1 162 163 18
28 83 131 32
9 7 20 4
6 58 67 26
22 119 144 25
29 145 192 21
11 32 53 27
15 66 86 2
33 138 174 29
34 14 78 26
1 30 31 19
23 172 196 26
14 80 98 21
25 15 47 3
2 135 138 7
16 121 145 23
34 5 42 8
1 1 2 21
14 154 174 34
21 33 72 24
13 1 15 11
26 147 179 22
33 133 176 28
35 87 142 16
22 53 82 29
27 128 178 8
3 75 79 9
6 160 167 26
35 64 113 12
35 29 91 30
24 80 126 6
28 146 201 2
22 142 172 5
35 70 111 17
4 133 139 15
35 111 158 3
1 139 140 28
2 156 158 7
30 141 200 7
6 95 106 29
25 106 135 17
2 109 112 12
24 56 98 26
31 146 204 0
13 158 176 31
7 163 172 8
10 9 22 24
4 171 177 17
5 101 107 33
34 47 112 13
21 155 193 16
25 38 63 10
25 87 133 8
13 156 169 19
29 19 51 21
4 139 144 19
17 14 37 23
5 150 156 32
17 164 192 33
29 55 100 29
7 31 42 15
23 46 70 19
7 119 132 4
23 0 23 16
13 46 62 1
33 173 209 24
25 56 88 20
23 43 88 16
17 162 195 24
5 106 111 31
23 69 98 30
21 34 62 5
20 134 156 18
5 159 167 6
28 60 96 34
6 155 162 29
34 99 135 26
3 87 91 33
8 38 48 7
34 106 165 8
31 92 127 0
1 79 80 23
3 149 152 13
14 36 57 34
13 31 44 13
20 73 98 20
12 34 48 31
24 164 191 27
27 138 185 30
16 6 28 14
16 46 72 7
14 155 180 28
1 35 36 0
4 94 98 20
20 41 78 17
1 161 162 32
8 86 101 28
8 69 79 14
12 69 84 5
18 102 137 19
32 164 196 17
9 59 68 4
14 118 132 10
33 141 176 2
16 48 65 27
23 62 104 25
19 68 88 19
1 109 110 0
19 103 137 7
13 92 114 6
8 67 75 22
16 72 102 2
20 26 48 28
15 168 187 29
7 66 75 12
19 16 36 20
30 79 129 5
5 13 22 22
18 59 86 22
25 169 213 16
8 20 32 34
7 141 151 4
35 93 157 16
20 120 155 1
27 17 54 13
5 157 166 23
1 32 33 30
12 39 56 16
25 71 96 3
21 36 76 32
34 125 166 31
7 160 168 33
9 80 97 28
19 21 49 23
21 129 155 10
12 43 57 1
31 144 193 16
23 116 142 22
11 91 103 12
30 1 33 18
18 3 35 25
8 30 43 33
5 148 153 22
32 75 113 0
18 74 109 24
7 170 177 16
17 161 180 8
22 47 75 11
2 77 80 8
30 105 155 34
17 8 32 19
11 144 162 8
10 80 93 10
34 34 90 27
14 24 49 17
3 129 132 15
4 71 75 29
20 153 192 1
15 43 58 7
5 81 87 3
30 153 200 24
3 81 84 26
34 147 212 27
19 79 99 14
31 167 199 9
34 85 150 18
24 32 61 23
2 87 90 13
20 58 87 3
10 58 77 2
5 58 64 14
10 138 154 2
21 72 93 34
5 93 102 31
35 28 84 13
33 134 188 26
19 145 165 22
32 158 196 11
33 18 54 4
7 125 134 8
31 88 136 18
9 77 89 29
17 11 42 3
7 138 147 8
5 20 27 23
18 162 186 30
6 35 46 14
2 154 157 6
3 107 112 22
29 125 154 28
2 82 85 12
34 26 73 30
34 98 138 15
10 149 163 2
22 33 69 10
26 108 136 20
14 99 126 9
33 21 86 12
4 163 170 25
3 160 164 15
33 140 179 31
18 17 37 10
24 53 78 32
12 81 99 34
23 57 89 28
28 153 196 30
26 77 107 29
