100
10 13 30 7
4 30 36 0
5 31 39 3
8 49 58 2
7 35 47 4
5 9 18 8
9 40 57 4
6 8 19 4
2 24 26 5
1 19 20 9
5 13 21 2
6 12 19 8
5 3 10 4
10 7 24 0
1 32 33 3
4 45 50 7
5 16 23 2
10 15 26 4
3 12 17 1
1 34 35 0
6 43 50 5
3 34 37 8
8 1 16 5
9 22 34 1
6 25 34 4
4 15 20 5
5 20 26 3
8 37 51 8
2 16 18 4
10 41 54 1
10 44 62 7
2 15 17 0
7 41 50 6
8 13 26 9
7 46 55 2
2 5 8 4
3 30 35 1
6 36 46 1
9 2 13 4
9 39 55 1
5 17 25 3
3 13 16 0
1 49 50 9
2 22 24 8
10 25 36 7
2 29 31 0
5 5 10 1
6 18 26 6
8 37 48 9
10 32 45 6
9 30 45 5
4 39 43 3
1 5 6 4
3 13 18 6
6 20 30 6
2 43 46 3
4 12 17 9
10 0 10 4
7 20 30 2
6 0 9 4
1 30 31 7
1 10 11 3
5 30 39 1
9 15 26 2
10 47 61 4
10 22 41 0
6 27 38 9
7 39 46 5
8 36 50 1
2 6 9 4
3 23 26 7
3 32 37 2
4 35 42 4
2 14 17 4
6 46 57 1
8 8 18 2
1 44 45 5
9 39 55 2
6 48 59 5
3 22 26 7
5 18 27 4
9 49 63 3
8 44 55 9
10 5 24 9
10 39 54 2
7 1 8 9
7 27 36 6
8 12 22 3
7 31 44 7
5 8 14 1
10 44 61 1
1 41 42 6
10 13 31 6
3 18 22 5
9 15 27 9
1 28 29 9
3 44 49 7
5 13 20 6
2 13 15 9
8 16 29 8
