300
23 111 155 20
26 77 107 11
4 108 114 18
1 112 113 17
24 71 112 18
24 108 137 25
14 46 64 28
11 25 37 13
10 139 149 5
23 138 172 5
18 109 138 4
19 86 120 6
28 119 149 12
6 74 84 5
19 46 77 5
26 85 136 17
12 103 119 7
23 94 129 26
7 112 125 18
3 134 138 21
19 26 63 1
1 146 147 24
28 61 97 22
16 55 84 16
26 13 59 7
17 92 114 23
18 104 127 2
6 14 23 22
30 111 160 7
18 93 113 1
30 3 37 8
17 134 165 1
13 124 146 0
15 103 128 27
20 142 179 16
2 64 67 16
16 80 101 0
27 115 151 15
21 60 89 5
2 61 64 12
15 52 69 10
4 0 4 24
2 140 142 15
20 90 124 17
24 20 60 9
8 43 55 20
14 102 121 7
21 65 88 18
25 110 143 2
25 127 168 2
7 81 91 2
26 135 165 14
13 97 117 20
21 57 98 3
3 98 103 26
5 48 57 21
16 59 76 3
18 53 77 18
2 146 148 19
23 0 23 16
6 4 14 0
21 111 144 15
27 0 45 1
30 107 137 24
29 140 186 12
11 64 78 7
6 45 54 16
15 95 124 27
24 132 167 5
17 52 72 14
4 126 130 26
13 75 93 12
2 108 110 25
30 76 112 18
22 92 135 23
11 148 169 24
24 39 70 5
7 96 108 29
10 126 138 23
25 41 85 25
5 5 14 10
3 9 14 6
20 83 119 4
11 135 146 20
27 118 151 8
13 42 62 15
22 92 130 21
20 6 29 13
7 84 94 4
6 119 128 25
3 80 84 24
1 119 120 6
13 136 156 14
10 36 55 29
27 107 142 28
10 114 130 8
26 23 52 27
3 39 43 16
5 82 88 27
21 123 156 6
29 135 164 10
21 86 127 21
28 73 123 0
1 64 65 22
24 84 127 1
25 29 63 24
3 73 77 1
19 149 174 7
21 7 34 21
12 77 99 18
4 86 92 12
17 39 56 20
3 25 30 6
9 50 63 7
29 135 165 9
25 75 114 4
20 79 99 11
21 123 164 29
2 50 52 20
28 48 90 15
9 142 155 28
19 73 100 28
28 100 147 24
15 112 137 7
20 48 78 17
30 29 67 26
29 23 58 8
24 144 182 14
11 12 33 5
6 124 132 5
18 121 148 1
13 96 112 13
28 118 162 14
28 41 93 20
5 108 115 11
29 124 168 5
13 47 64 1
19 128 156 5
13 66 91 24
13 16 36 27
3 126 129 7
15 107 123 9
22 31 57 9
17 122 155 1
7 57 65 23
26 103 130 27
24 100 126 28
19 37 62 13
12 22 41 4
10 69 83 8
29 101 148 2
1 7 8 1
18 98 125 12
28 37 90 19
11 24 36 18
12 65 88 16
20 7 35 15
11 62 77 26
8 67 79 0
6 126 137 6
10 32 45 11
21 61 95 9
30 65 106 28
2 111 114 5
20 95 124 16
9 18 28 26
10 12 30 20
26 25 62 28
4 148 153 25
23 124 154 29
14 18 40 12
14 78 103 3
11 5 23 28
8 2 11 21
21 30 62 2
2 44 47 29
4 138 145 2
22 106 134 3
14 23 49 24
2 115 117 0
28 34 64 0
30 7 62 23
4 48 55 12
14 40 64 17
23 80 111 18
24 61 88 17
28 129 170 4
3 31 36 18
2 26 29 11
19 42 61 21
1 132 133 17
24 103 139 1
3 64 68 17
18 139 167 16
4 12 18 7
23 85 112 29
16 93 124 29
21 19 59 13
1 31 32 3
25 28 56 19
13 26 40 7
4 68 72 26
29 38 93 3
11 91 112 26
5 58 64 15
30 147 206 6
11 118 135 12
23 136 159 17
16 93 115 6
3 130 134 9
23 147 185 7
16 82 113 15
27 50 90 4
10 54 71 11
6 109 120 23
25 18 64 14
15 69 95 10
30 66 119 12
6 52 63 21
2 146 149 2
3 37 40 4
5 18 23 2
11 119 131 0
3 52 57 15
1 69 70 12
21 36 60 2
25 133 160 25
5 129 136 22
25 6 47 27
11 111 126 12
21 125 159 9
3 7 12 20
17 90 109 20
5 133 140 27
30 141 186 14
27 105 156 0
4 4 10 5
8 59 70 20
3 143 148 11
7 25 32 2
2 41 43 12
14 17 44 4
22 83 121 10
18 13 32 7
28 83 117 6
16 73 89 17
14 11 25 12
19 124 149 16
25 145 175 11
26 42 70 8
16 86 116 29
26 3 39 25
16 2 18 9
18 21 56 15
1 97 98 2
27 98 137 15
21 110 134 29
29 124 156 8
27 139 167 17
11 109 127 17
23 38 65 22
24 104 147 15
13 67 90 10
24 116 142 2
19 29 49 12
16 37 54 4
21 146 178 16
6 35 44 2
24 59 96 28
17 65 98 20
15 112 137 8
8 144 159 29
4 34 41 29
13 137 154 11
25 26 65 9
28 3 31 26
9 137 150 19
5 107 112 16
15 90 113 18
16 40 69 23
22 83 106 24
15 147 163 4
19 75 95 9
29 24 55 28
28 102 139 13
19 16 42 4
26 85 135 9
26 139 182 14
18 107 127 19
5 42 50 29
28 55 92 24
18 82 110 11
26 0 38 1
21 113 153 3
26 79 105 16
14 116 140 13
10 42 61 13
27 100 147 17
9 65 80 26
24 36 63 0
