400
25 136 173 2
29 133 182 0
32 150 182 28
3 25 30 24
26 81 130 8
22 161 185 4
17 31 63 38
1 106 107 3
3 114 119 16
1 51 52 27
30 125 176 34
21 171 201 3
26 70 110 34
8 126 134 0
2 20 22 38
13 127 148 6
10 137 147 2
18 181 208 4
17 39 67 1
21 48 81 11
24 28 63 25
25 90 118 5
26 151 183 34
26 55 96 15
18 178 203 5
28 23 56 1
23 160 205 30
7 41 49 2
18 190 214 27
29 104 140 6
5 27 34 4
18 23 46 10
6 41 50 27
27 118 154 12
17 3 36 3
39 84 160 21
9 63 74 19
32 100 140 32
16 44 66 10
35 98 159 10
10 122 138 2
3 133 136 34
30 182 229 6
9 196 212 16
4 141 145 5
15 3 25 23
31 77 121 23
23 5 34 36
35 65 134 28
8 128 140 22
39 99 170 34
1 174 175 22
13 82 105 13
12 24 43 30
37 140 197 7
20 99 134 35
21 90 113 7
6 140 146 5
27 168 204 11
19 141 176 4
24 171 205 16
36 80 150 2
6 27 33 22
28 80 127 29
19 120 147 6
9 101 113 3
36 135 196 5
27 190 220 37
10 36 48 33
11 158 169 22
31 63 123 16
21 153 190 3
33 17 55 13
38 53 124 19
30 77 107 5
37 196 250 30
30 89 143 11
5 118 125 24
12 164 187 17
17 121 146 20
21 72 107 33
23 83 113 34
22 198 224 5
29 179 209 19
17 94 121 20
15 21 46 17
32 174 210 30
30 77 115 34
40 56 108 12
1 168 169 28
39 62 137 11
40 104 181 24
39 95 150 23
27 198 251 0
24 33 70 18
31 184 244 10
16 134 156 20
1 106 107 12
14 153 178 26
32 158 198 24
3 168 173 9
6 150 156 31
31 73 118 33
15 198 221 31
33 118 152 20
17 116 139 15
31 195 235 38
10 74 86 15
25 93 125 4
21 96 129 3
34 74 128 31
20 180 212 38
31 197 244 0
22 107 129 33
13 136 151 19
26 143 191 3
6 41 52 29
10 184 198 15
4 120 126 0
1 5 6 11
20 117 147 28
37 26 77 29
21 44 74 5
29 113 170 30
22 98 127 25
3 67 71 17
2 62 65 0
26 6 47 34
15 11 37 20
24 126 160 8
26 122 170 32
13 101 124 29
20 26 61 27
34 133 174 2
16 170 193 20
27 66 100 30
34 194 241 5
13 154 177 6
8 23 36 17
31 150 208 19
4 182 189 7
5 40 47 33
24 38 71 39
40 197 249 19
33 120 167 1
38 162 217 34
13 56 81 35
40 161 224 13
36 122 175 9
38 138 203 0
17 7 28 12
4 12 17 15
25 184 210 38
1 155 156 9
26 159 193 18
2 137 140 15
37 3 67 38
27 63 95 36
5 66 72 9
29 34 90 20
5 37 45 15
32 184 217 30
21 193 219 26
35 90 159 12
6 131 141 8
14 170 191 24
40 65 122 17
38 116 179 31
18 13 38 32
17 198 226 7
34 146 183 7
5 145 154 1
16 7 38 21
29 15 53 25
31 81 116 25
11 117 128 19
36 50 92 21
31 24 78 14
29 198 234 13
30 89 124 18
18 106 138 7
18 155 186 27
30 30 82 27
32 9 51 21
14 89 103 26
21 170 209 31
8 49 61 1
8 47 56 2
30 10 40 12
27 145 176 1
8 83 97 5
2 45 48 17
13 159 183 36
33 57 118 7
26 15 48 22
1 134 135 38
24 90 123 16
11 6 22 24
10 182 194 18
11 92 106 10
20 182 217 14
14 152 167 34
37 36 77 7
35 138 204 34
5 165 173 29
14 148 165 28
7 106 118 22
40 27 95 5
31 75 136 12
15 12 41 4
37 139 209 10
28 88 120 33
24 81 128 32
7 170 180 32
36 186 257 29
5 61 67 22
28 130 182 18
34 104 149 0
7 42 53 27
7 188 198 8
30 56 105 38
20 34 58 25
36 84 152 19
14 22 44 0
4 70 76 28
2 41 44 35
38 19 88 28
39 40 100 35
35 151 211 26
8 136 149 3
36 98 158 12
23 155 196 24
38 197 269 22
35 161 226 16
7 147 160 2
10 194 210 21
2 154 157 39
23 120 146 17
7 97 106 37
13 184 198 1
19 58 84 20
1 199 200 36
30 47 90 10
35 78 130 19
23 38 63 3
13 7 23 16
26 182 227 25
2 55 58 17
18 160 186 35
8 4 18 11
22 49 76 39
22 151 174 25
39 189 235 34
30 129 165 4
24 115 150 27
35 78 136 10
5 13 18 38
28 30 66 25
28 126 180 5
15 97 120 10
6 91 101 22
14 176 190 16
6 141 147 33
13 49 65 8
16 35 56 1
33 129 183 33
27 170 215 16
1 33 34 3
15 166 184 21
9 115 126 17
31 64 101 31
18 187 218 16
32 127 177 32
11 136 153 32
24 57 91 12
26 162 208 7
7 33 46 33
19 43 80 11
32 15 73 39
7 120 128 22
24 93 132 39
14 175 191 17
14 158 185 22
13 88 104 12
33 176 218 16
16 174 200 25
29 144 185 14
1 69 70 38
5 18 25 11
6 179 186 33
33 23 65 24
38 32 106 11
10 174 189 21
20 88 113 24
25 182 222 1
26 21 64 3
27 56 109 22
31 39 92 4
15 119 138 0
9 198 210 11
5 184 191 4
27 107 160 27
24 28 57 3
40 85 141 2
37 131 203 30
29 23 52 37
34 41 102 33
10 148 162 30
39 163 204 25
17 182 201 16
7 128 138 16
13 0 17 38
7 41 54 6
36 176 226 25
38 35 80 7
37 41 97 9
27 153 184 25
34 90 133 0
34 4 55 20
31 26 85 13
39 53 126 26
40 126 197 28
32 127 170 22
14 190 216 15
38 127 171 23
11 85 105 10
4 181 187 35
16 192 213 8
30 34 76 22
38 179 243 25
3 26 30 10
2 177 179 22
11 25 37 22
30 75 115 32
26 183 229 2
14 13 37 14
10 174 186 30
40 86 159 5
4 32 37 24
3 125 129 31
15 131 147 36
40 175 220 23
23 102 133 3
28 69 103 33
15 59 79 39
11 64 78 28
39 157 234 10
30 199 243 33
14 57 74 12
29 29 76 27
32 190 225 36
37 13 83 38
16 119 143 11
27 167 215 25
7 21 28 30
15 50 71 38
11 55 69 35
18 121 141 39
8 91 104 24
39 25 94 0
2 20 22 32
13 110 130 25
16 148 165 39
2 27 29 11
2 184 187 27
9 65 80 8
12 81 96 19
29 4 34 12
8 111 124 17
19 178 198 0
39 86 156 9
12 21 33 27
40 26 94 25
16 142 159 17
39 4 67 1
35 66 109 30
15 148 163 10
35 142 196 17
32 22 62 1
15 36 59 11
33 80 113 2
1 6 7 7
38 159 226 39
37 159 196 1
3 47 50 0
31 167 209 17
14 50 71 17
40 149 223 31
8 21 29 33
17 100 127 6
12 88 108 31
38 96 156 11
6 172 179 5
5 184 193 12
29 196 225 39
20 35 62 26
34 38 84 26
37 77 143 25
38 25 91 23
36 105 174 29
