250
12 115 127 12
17 10 41 16
10 48 66 5
2 31 34 23
17 51 79 6
25 30 79 23
10 71 87 19
16 17 39 2
8 95 108 12
23 71 114 24
7 16 27 2
22 66 90 12
24 57 95 8
1 92 93 17
21 25 65 14
25 95 126 10
2 99 101 19
10 50 66 0
6 48 57 16
8 30 45 1
24 85 129 2
6 55 63 23
5 24 31 9
6 31 42 22
1 62 63 22
4 68 72 1
5 95 101 14
17 41 61 3
10 100 113 11
6 92 98 4
16 65 87 0
12 29 43 6
6 27 35 18
21 3 24 15
6 60 66 16
18 76 102 12
6 29 39 1
17 0 27 5
20 37 60 13
10 31 41 18
3 122 127 20
15 48 68 1
1 47 48 20
21 105 126 11
11 94 112 6
23 14 47 20
15 55 83 6
6 95 106 23
16 82 101 6
14 105 123 4
9 40 54 21
12 94 111 3
16 63 86 24
19 69 102 17
5 95 102 9
6 111 122 4
5 103 112 13
19 101 131 5
21 34 61 23
21 79 107 9
18 38 73 22
4 122 129 16
18 38 65 12
16 63 94 22
25 56 96 9
23 2 32 16
10 54 65 16
23 80 119 22
21 51 83 14
2 114 117 22
17 65 89 3
22 101 133 10
1 120 121 19
14 119 142 19
17 5 38 16
14 110 137 8
22 121 161 17
12 0 15 24
25 119 164 11
15 14 41 16
18 35 55 20
10 24 42 20
12 68 80 23
9 46 56 24
12 116 138 19
20 104 130 11
17 62 89 14
16 19 43 0
13 88 102 24
16 38 64 15
14 37 56 0
5 3 8 18
23 15 41 15
4 55 62 13
7 64 72 13
14 11 26 3
11 71 88 23
24 104 142 15
16 115 145 5
14 67 89 2
8 54 67 4
7 17 26 23
21 13 39 23
12 59 76 6
11 38 53 3
1 112 113 12
9 123 136 11
13 116 139 9
24 4 47 8
25 36 75 21
12 110 129 12
16 83 109 2
21 78 104 16
2 63 65 15
12 117 134 13
7 34 45 22
20 86 106 9
23 79 120 3
18 29 60 11
10 66 78 23
10 43 58 17
14 36 54 10
2 20 23 6
18 124 158 6
8 15 28 6
20 56 86 22
21 75 106 19
18 9 40 17
8 54 66 23
8 63 71 15
13 68 83 4
24 114 148 23
9 74 87 14
24 89 124 20
15 34 54 3
25 113 160 16
1 82 83 23
10 36 48 23
13 112 125 23
5 86 92 19
20 113 133 22
2 25 28 0
17 44 74 9
21 122 162 4
19 44 77 16
22 73 108 18
7 51 61 1
13 60 74 9
15 83 100 13
17 98 130 6
18 111 145 16
18 55 75 13
18 55 85 19
3 113 118 0
12 37 60 19
3 57 60 9
19 120 141 17
13 5 29 10
4 100 105 11
21 66 100 17
25 68 113 17
18 4 34 10
7 32 40 8
15 24 41 17
11 39 54 20
14 13 38 15
16 114 144 24
10 116 128 18
14 110 135 19
25 23 51 13
16 116 147 13
6 105 114 0
19 11 34 13
17 108 132 10
21 6 31 0
14 27 41 14
16 122 148 8
21 84 108 6
22 97 126 2
11 1 14 12
22 10 34 2
19 106 141 23
16 65 92 24
6 6 12 5
10 30 41 9
10 58 76 1
21 10 32 16
16 105 123 21
2 15 18 0
10 116 129 19
25 62 109 7
13 83 101 7
22 28 66 8
7 110 117 21
4 118 123 23
14 65 87 4
24 37 74 21
18 86 117 10
6 30 38 8
4 4 11 12
16 47 74 22
10 28 46 17
18 24 49 1
6 76 83 13
19 8 32 0
21 108 146 8
19 48 83 22
10 71 84 22
22 48 70 9
22 41 69 2
24 5 44 12
1 49 50 23
6 18 27 12
25 17 65 19
4 97 102 4
23 49 88 16
7 49 56 5
9 76 89 18
24 14 56 11
12 46 67 18
3 107 112 9
12 81 93 16
10 17 27 1
13 86 101 19
23 3 44 8
20 38 61 16
21 26 55 11
12 102 124 5
2 63 66 21
3 103 108 11
7 105 116 18
17 121 150 3
19 113 150 10
18 95 121 2
1 96 97 4
17 118 136 14
16 73 91 2
5 22 28 24
23 69 93 24
4 15 20 3
13 8 25 18
6 7 16 16
11 9 27 9
16 80 108 16
22 101 126 24
7 112 124 11
13 44 64 12
23 65 94 18
1 70 71 13
16 83 113 7
