200
12 87 107 0
11 58 70 4
20 40 77 5
8 74 88 19
12 69 84 2
17 61 82 19
5 86 95 10
7 11 21 4
18 16 34 19
10 38 56 12
4 59 63 13
19 8 38 13
8 16 24 17
6 1 8 9
5 22 31 0
18 84 104 6
15 94 123 16
11 9 27 5
4 92 97 15
2 77 80 0
1 41 42 13
13 87 104 6
6 61 72 4
10 54 71 3
17 16 43 3
16 14 35 15
3 66 71 1
18 70 91 9
11 96 111 17
5 92 99 14
8 78 92 13
9 98 111 1
11 45 57 13
12 29 50 9
10 40 53 6
17 26 50 16
5 13 19 17
18 14 49 4
16 27 46 11
14 23 40 2
19 2 21 12
11 39 59 4
16 16 45 7
20 77 107 4
20 4 37 5
19 57 83 13
14 10 27 11
20 22 47 10
5 64 70 2
16 31 50 12
18 84 109 14
19 80 110 2
7 97 109 1
6 32 40 4
9 96 113 11
5 10 18 19
10 41 53 6
1 93 94 0
3 45 50 1
2 62 64 6
15 91 115 6
10 79 89 14
5 62 69 1
8 39 50 19
2 66 69 16
13 46 63 1
16 60 85 14
18 56 80 11
19 8 38 14
19 23 59 19
19 86 110 16
5 2 9 6
20 71 95 4
12 2 16 15
20 63 94 15
13 77 91 14
16 14 38 11
5 87 93 7
15 21 39 16
3 95 98 1
1 56 57 2
6 4 10 5
12 23 46 7
16 82 108 3
2 27 30 4
8 39 52 1
20 63 97 9
12 76 89 16
12 1 16 19
19 80 115 16
11 8 28 2
4 42 46 9
20 17 39 13
12 12 29 18
15 0 22 19
15 56 78 15
13 89 113 14
15 38 59 0
18 93 128 13
15 77 98 9
18 69 93 18
1 89 90 9
15 7 27 14
8 88 100 13
6 46 57 2
2 39 41 16
13 32 51 10
15 12 37 14
1 99 100 8
11 67 79 11
1 22 23 3
11 38 52 3
16 50 70 13
8 75 85 17
7 12 19 19
2 46 48 18
12 79 92 1
14 89 111 4
4 72 78 1
12 25 37 8
18 27 49 14
1 49 50 10
4 80 85 3
10 43 55 2
8 25 40 7
18 8 36 19
1 72 73 0
11 98 113 10
1 83 84 2
10 81 94 5
13 54 73 6
1 32 33 5
17 81 100 17
4 67 72 5
3 31 35 8
16 84 109 19
4 95 102 19
5 11 17 12
2 44 47 4
13 33 55 17
2 18 21 11
6 94 101 14
19 74 96 13
15 76 91 11
13 88 104 15
19 20 55 15
10 19 32 9
16 84 113 7
8 42 51 1
5 42 51 13
12 23 42 19
8 45 54 7
4 8 15 1
20 56 78 11
6 27 34 5
16 11 41 18
6 99 106 8
17 26 57 7
19 51 82 15
16 19 39 11
6 88 95 17
12 26 41 16
5 68 74 1
16 82 107 19
9 51 62 14
7 10 23 4
4 98 105 11
9 23 33 14
14 67 92 3
16 90 121 6
20 62 85 4
19 4 26 14
4 44 51 13
13 35 54 7
10 84 97 1
12 48 61 14
13 95 113 3
6 81 91 16
18 77 96 2
7 77 86 7
16 51 82 0
12 49 72 9
1 9 10 0
1 15 16 12
7 83 90 9
8 10 18 11
4 53 57 11
3 10 15 17
4 56 61 10
1 90 91 6
2 0 2 0
12 47 61 15
7 6 14 10
16 65 82 10
13 70 93 19
7 6 16 13
9 51 65 6
6 65 76 5
17 79 98 1
14 84 110 9
