150
2 49 52 11
4 11 17 7
8 62 71 1
14 32 53 11
15 39 64 14
2 57 60 8
7 20 29 5
14 72 98 3
15 9 31 12
11 72 90 11
3 68 72 14
11 13 27 12
6 36 44 8
10 59 75 6
13 68 93 8
3 58 63 9
2 17 19 2
8 74 84 10
11 53 68 10
12 46 66 2
11 29 49 12
6 55 66 6
3 18 23 3
13 63 84 5
8 10 19 14
5 1 9 6
6 0 8 9
12 29 46 12
15 58 75 14
15 5 26 11
8 27 35 6
14 42 65 12
7 27 35 0
10 14 30 8
12 45 64 1
13 39 64 1
3 72 77 11
7 27 40 11
4 52 59 11
8 34 48 13
12 6 18 10
12 65 80 4
12 6 27 5
14 8 22 12
13 63 85 3
12 30 42 2
13 27 47 0
6 68 79 12
15 22 37 12
11 69 80 12
11 7 21 5
2 29 31 0
8 50 60 9
1 15 16 0
1 70 71 8
6 1 8 12
3 57 62 7
3 40 44 9
7 36 44 4
2 53 55 14
2 45 47 12
13 47 60 4
10 61 73 4
1 34 35 10
5 5 14 6
5 12 20 8
6 34 43 1
6 16 27 6
6 73 81 3
4 31 38 7
11 48 65 2
4 28 33 3
9 10 25 11
2 51 54 4
6 14 24 4
9 23 38 0
11 20 33 5
13 45 68 14
9 46 59 4
3 70 75 8
2 35 37 9
1 50 51 9
10 47 65 11
11 31 52 14
2 74 76 6
8 33 43 5
2 16 19 12
6 70 76 2
6 53 60 3
6 50 58 9
2 69 71 8
6 32 40 8
6 68 74 11
13 6 26 2
6 31 38 13
12 60 79 8
1 63 64 6
7 65 73 2
8 50 60 8
14 15 31 12
4 46 52 3
8 52 64 14
8 63 75 1
6 42 50 6
9 53 69 4
8 19 31 2
4 74 78 4
5 13 21 2
10 62 77 11
13 73 95 6
1 68 69 12
7 60 68 3
7 30 43 14
10 0 16 8
7 42 52 2
5 0 5 13
2 14 17 12
14 68 89 1
14 14 41 10
7 39 51 0
12 50 62 8
14 48 62 4
3 19 24 2
11 2 23 1
12 58 74 12
15 13 40 4
4 27 31 13
8 4 12 5
15 25 40 11
3 9 14 6
4 47 54 11
10 14 33 4
1 39 40 1
1 27 28 0
9 33 49 9
6 69 75 11
11 73 93 2
5 68 77 9
12 62 83 4
2 65 68 14
4 26 31 9
9 51 68 4
7 18 26 1
15 47 73 9
14 17 37 8
6 63 73 13
15 25 50 5
4 43 49 6
6 24 34 4
12 34 57 14
