100
2.768 7.2 0.189 1.0 6.676 
3 4
10 25
5 0
10 34
8 32
5 36
7 16
7 2
6 32
8 4
8 46
1 7
6 12
2 18
5 6
4 31
9 34
7 21
9 35
1 18
4 40
7 4
9 38
3 13
7 17
10 38
8 32
7 7
4 45
1 38
1 30
10 15
2 39
2 25
10 14
10 6
9 33
9 21
4 17
4 24
4 31
3 16
6 47
7 1
1 1
3 4
9 24
4 26
5 13
10 7
9 37
5 44
6 37
10 30
6 2
9 6
7 10
9 24
6 2
2 31
8 8
7 46
3 24
5 26
6 25
10 16
6 21
6 27
3 48
1 36
5 12
5 9
2 5
4 32
3 12
7 45
5 6
7 28
10 41
7 43
10 5
4 47
8 29
5 5
6 11
7 17
5 41
10 49
8 45
4 4
2 10
4 3
9 18
9 13
2 24
10 3
7 31
5 47
3 28
3 30
