300
13.532 1.0 11.786 3.667 1.209 
10 69
15 137
16 120
7 80
29 75
14 17
9 118
20 45
14 65
15 42
12 55
20 86
27 21
1 54
23 24
11 124
17 58
27 68
25 11
18 68
19 143
26 76
16 43
14 73
5 146
21 49
15 45
30 90
10 115
27 83
7 81
25 47
12 40
10 109
18 132
4 129
26 149
16 96
12 75
12 68
28 25
12 2
14 125
14 121
27 128
29 84
17 128
28 93
13 136
11 81
7 15
13 7
15 2
10 41
4 106
4 110
27 123
7 67
6 21
20 76
24 53
6 148
14 73
2 132
3 94
3 60
7 116
25 55
3 103
12 111
18 55
23 9
29 113
22 46
6 145
4 79
27 86
18 14
29 61
24 92
2 83
22 52
22 29
12 67
10 71
28 17
19 25
15 139
22 48
9 99
7 5
16 28
13 110
10 108
29 44
15 130
20 96
30 48
3 104
11 89
11 4
3 61
19 130
22 105
4 75
1 122
10 87
12 39
26 64
5 103
1 132
29 119
23 98
25 105
15 134
19 118
22 45
20 123
1 101
27 80
21 44
30 91
30 118
5 112
9 109
21 104
18 141
26 72
29 128
25 98
10 21
26 102
13 12
28 106
13 58
29 112
11 78
3 117
18 148
14 18
9 76
6 48
11 113
23 51
8 33
2 136
1 67
19 25
7 123
4 83
7 46
30 52
4 8
23 116
6 69
20 71
8 21
29 125
13 9
30 62
24 15
7 85
6 76
2 69
24 86
22 110
8 7
6 15
8 125
10 134
13 145
16 78
21 3
11 101
22 70
29 129
15 123
22 118
20 124
5 146
5 125
5 22
6 42
12 78
27 64
9 38
17 31
7 1
19 77
8 88
3 98
5 110
29 132
30 134
10 88
15 37
6 71
29 18
15 76
14 1
5 143
6 25
17 67
17 30
8 148
6 105
8 100
13 130
8 39
16 23
9 92
22 143
17 22
17 65
21 77
13 118
12 117
30 129
25 81
30 44
28 47
4 126
16 129
25 72
6 35
4 22
4 2
5 68
22 125
14 136
6 131
15 141
20 129
22 49
24 97
15 81
11 74
21 83
25 87
3 30
19 96
9 29
12 22
10 92
7 135
8 41
21 71
8 97
13 142
22 44
18 41
13 61
3 60
29 141
4 139
8 10
21 105
11 107
16 96
21 137
2 73
10 64
8 45
11 130
16 5
26 125
24 94
22 110
6 34
13 53
8 15
20 0
23 131
4 105
10 37
30 121
15 38
24 62
3 63
12 126
25 14
19 124
20 101
28 143
14 71
10 62
10 60
25 48
25 55
30 55
5 59
19 49
5 120
6 108
13 21
30 6
15 92
18 114
9 132
14 128
