150
1.0 18.923 16.274 13.852 7.826 
5 2472
4 2962
9 286
12 2019
9 1385
7 353
13 353
3 356
5 2890
7 507
13 2285
13 2010
14 1096
4 2369
1 847
8 847
8 1796
11 1803
11 2178
1 1882
13 1881
10 1892
7 1893
6 1896
6 1025
1 1028
12 663
6 2194
4 1587
4 940
5 941
5 945
11 943
6 1209
5 1018
5 1427
6 529
1 2832
13 2832
11 1275
13 379
7 1390
1 1280
6 1280
1 2058
14 753
10 1517
8 1526
12 1085
10 2284
7 827
9 872
14 873
6 289
9 335
10 2929
6 252
2 2182
8 2729
4 628
11 1861
14 2430
4 381
7 2200
2 2399
11 1817
9 1430
2 1438
4 2715
14 1967
4 1066
3 2002
2 2515
4 1906
14 1906
8 1313
13 1248
14 1260
1 1272
13 1272
14 2362
6 2367
12 2369
4 2479
4 2481
9 2483
14 2117
2 2128
3 2031
7 2690
8 2695
13 2444
13 260
8 753
4 2394
9 2395
10 2441
9 5
3 2139
14 955
6 1780
8 1415
12 2826
13 2836
6 2092
14 2093
6 2387
10 2388
13 1412
10 163
12 170
3 174
1 175
6 2665
8 2748
3 2755
1 2755
3 1740
10 1740
13 2692
5 2920
11 2924
7 2537
14 2254
12 2072
4 516
12 198
9 199
6 202
11 1350
9 2322
3 2326
9 2327
2 2335
1 2335
1 1398
9 1398
13 2333
13 2344
10 1764
13 1769
12 1781
6 45
11 393
14 155
2 2314
7 1589
2 969
13 969
5 975
