250
9.273 7.859 6.154 1.0 0.892 
13 89
14 5
7 56
17 85
19 53
13 101
20 9
8 3
24 65
17 17
12 90
14 61
18 91
22 96
8 44
10 48
1 14
7 115
18 107
23 23
20 11
9 60
17 105
12 28
9 96
25 37
8 41
6 11
8 15
16 116
10 120
4 96
17 86
11 24
6 13
5 98
10 74
15 78
15 46
10 13
12 7
23 81
10 0
8 46
4 83
23 49
21 112
13 18
23 106
7 38
14 16
19 26
22 64
14 43
8 41
7 17
8 110
9 72
13 97
4 30
14 7
14 2
9 53
13 67
24 110
19 29
15 108
8 9
16 46
16 22
17 9
2 116
18 95
13 41
20 14
21 41
22 1
15 31
21 80
24 105
14 67
24 17
2 53
25 55
22 61
23 111
5 98
15 94
24 118
9 27
18 36
21 55
18 81
15 35
14 30
20 88
23 107
24 36
4 41
3 57
4 89
25 25
1 68
15 53
24 95
8 120
9 24
2 99
20 3
25 53
9 88
6 15
4 104
22 92
13 5
10 80
15 108
4 56
2 83
1 29
6 37
16 50
19 87
5 95
5 61
16 103
22 21
23 14
17 54
5 15
7 118
14 40
20 73
4 102
10 106
1 1
2 96
12 120
7 67
12 28
10 62
1 96
2 99
22 12
18 25
11 40
4 71
1 108
17 55
1 76
16 33
21 84
2 86
23 115
9 68
19 12
11 43
4 73
3 41
25 26
12 106
4 117
14 10
21 36
3 50
20 93
18 78
10 14
18 36
18 16
20 99
17 108
6 81
15 18
6 97
3 81
2 12
4 61
9 30
24 58
11 111
22 9
18 17
5 47
23 119
10 59
2 115
7 17
3 17
11 20
22 41
21 50
10 44
2 2
16 19
14 75
13 28
14 58
8 92
6 113
1 87
11 4
18 122
10 49
1 45
24 83
22 34
9 55
3 10
4 95
1 8
7 31
6 124
9 61
14 37
17 10
20 11
16 75
12 79
7 33
8 26
25 89
4 106
4 5
7 72
19 72
19 79
17 50
22 104
6 9
16 33
11 103
14 94
9 53
16 61
5 107
19 124
5 76
12 98
5 14
12 1
9 8
22 58
25 90
11 13
14 9
14 66
17 6
9 107
11 63
