350
0.5 1.0 0.898 0.193 0.544 
31 136
22 1
5 45
21 126
13 150
19 37
8 35
2 27
29 158
24 161
16 82
32 119
22 142
31 70
8 53
8 57
24 32
15 74
10 154
27 100
34 66
29 56
28 21
26 83
29 131
22 55
2 14
2 0
4 155
35 17
15 164
13 44
19 170
29 45
6 60
1 130
27 63
31 59
30 51
7 92
4 142
10 61
6 60
27 139
16 104
15 62
26 141
22 158
11 33
3 2
16 95
12 171
21 5
12 156
15 95
26 34
8 161
1 15
24 113
21 33
11 151
12 22
29 90
13 33
26 57
16 11
23 56
5 30
9 101
17 127
34 80
26 3
28 64
30 126
8 63
22 75
18 63
10 142
21 98
21 172
35 98
18 132
19 99
15 160
31 130
35 81
19 160
30 89
26 146
31 105
12 56
5 103
4 9
27 113
23 87
15 55
21 160
11 173
24 173
2 41
18 167
1 139
3 55
5 86
12 67
3 88
15 46
6 163
35 15
7 2
26 8
4 117
30 102
18 121
14 18
29 55
6 134
18 93
7 50
24 24
8 174
6 67
9 106
34 25
25 41
10 64
33 173
8 58
21 100
14 11
30 62
33 81
21 120
34 111
14 147
6 113
19 165
33 79
11 128
1 126
32 102
26 16
5 25
21 18
13 70
19 82
18 155
16 130
17 15
25 8
25 43
23 171
29 156
7 105
22 102
21 4
25 103
28 159
11 40
20 51
6 48
6 131
27 161
18 11
30 107
25 135
1 98
32 21
20 145
26 45
30 88
23 24
8 165
24 8
9 50
17 5
26 52
28 116
21 67
35 56
18 136
25 93
29 80
1 53
15 129
10 39
2 136
35 129
16 153
3 52
5 25
10 82
15 149
2 77
27 76
16 70
25 24
23 81
34 153
8 121
26 110
3 12
35 5
13 139
23 8
31 165
3 62
22 109
28 156
35 12
17 171
21 76
27 117
18 61
7 112
24 125
10 45
31 31
3 83
21 127
12 110
8 88
7 43
1 5
21 76
26 149
28 8
12 37
33 137
15 51
2 83
2 148
24 39
17 79
24 154
6 170
17 79
14 90
25 6
26 138
5 35
13 127
7 122
17 133
23 49
10 8
16 138
9 40
22 119
4 65
12 153
19 76
23 107
10 130
1 0
6 87
11 74
33 43
7 142
19 20
31 151
34 2
4 116
5 146
13 34
11 103
32 84
4 93
16 6
25 36
29 45
14 48
12 170
12 131
22 59
27 63
26 25
13 135
7 100
8 7
27 120
24 59
26 130
27 56
24 123
26 4
34 10
31 88
6 159
35 18
33 101
22 68
27 124
33 102
16 18
7 84
35 21
30 119
2 124
5 110
12 151
7 64
11 147
4 67
15 154
35 167
18 18
18 135
3 161
20 67
16 154
29 60
18 4
5 108
25 42
33 46
1 96
14 102
31 5
33 116
6 60
8 116
22 162
30 125
9 148
13 145
4 92
24 123
35 79
4 107
21 142
21 144
7 158
33 97
3 105
12 61
2 94
12 171
1 15
29 147
34 121
30 140
35 118
8 43
21 111
2 79
28 25
3 67
20 153
9 16
