350
1.0 15.833 7.42 14.265 9.062 
6 1
10 704
10 2313
14 118
1 4541
2 1814
4 1470
8 2601
1 6146
3 6146
3 5680
14 2245
10 1170
2 1178
11 1178
6 4707
1 546
3 5518
3 4930
10 4932
5 4933
1 4936
2 5220
2 5220
2 5753
3 5753
7 5755
11 5759
7 1620
5 469
14 6579
11 6588
1 5759
3 4756
10 2104
13 6624
5 3872
7 6842
11 6843
4 6848
2 6848
8 6848
9 3845
11 1469
1 4254
5 324
6 6173
10 6175
11 6177
4 6177
11 6582
14 4613
8 4620
6 430
13 430
6 1275
1 1278
8 171
4 3123
6 13
2 14
10 1641
1 1090
8 4196
1 4203
7 4385
2 4386
10 6112
13 4020
3 885
1 6855
1 6855
14 3257
1 6572
1 2462
1 5730
12 5730
11 5733
6 818
12 5592
13 2644
2 436
3 3901
4 5383
11 6956
7 4638
11 2406
5 2828
10 6452
1 5272
7 5272
1 6883
3 6299
9 3611
5 1907
11 133
9 5260
2 2951
8 4632
13 4635
5 4642
9 4642
4 4645
8 6764
14 5228
14 5178
14 6461
10 5827
4 189
6 4491
6 4493
14 3654
10 3106
8 5200
8 5200
10 2663
6 6070
12 5784
11 5791
11 5795
2 5800
14 1911
1 556
2 2628
10 2628
11 2330
14 6171
3 886
9 3047
5 3055
13 3918
11 369
2 2800
14 2801
11 2802
8 6673
1 1414
12 393
6 2404
11 2409
12 6070
7 5055
7 6061
12 6064
14 6066
2 6066
10 6066
2 1658
7 3808
12 3812
11 2857
1 1840
8 5408
1 5413
3 663
8 4405
12 1921
9 539
8 544
1 548
10 548
7 1143
14 2753
5 4111
8 4111
2 2030
12 2030
5 3189
5 1466
8 1468
3 438
3 2036
6 2038
9 2040
5 2043
7 5172
8 5178
8 5182
3 3579
12 1497
1 1505
11 5087
4 5088
3 3537
12 5744
7 5751
8 3952
8 5638
8 5948
3 830
13 830
12 1697
9 1517
6 1521
13 600
11 799
6 3033
8 5568
6 1584
6 1585
13 3797
7 3801
1 723
8 723
7 1386
14 3129
11 1370
8 1371
2 1372
2 6938
13 217
14 224
12 237
2 4717
13 5230
4 232
9 234
11 5102
4 5107
2 5110
4 5662
12 5663
4 5673
7 3687
3 3692
13 1850
9 3894
3 6071
14 5697
14 1071
1 1075
4 847
7 847
6 851
13 3599
9 1230
9 160
8 6811
13 1337
2 1344
12 4650
9 3658
12 3663
8 3669
8 5270
5 1936
7 1938
13 4629
4 4640
1 3302
1 5924
9 4772
5 4778
13 3570
13 3576
11 3189
3 3191
4 427
2 429
11 4443
3 1776
7 1776
6 1779
2 2311
2 2311
12 3916
11 1417
14 5756
12 5678
4 4215
1 4225
7 2336
3 2338
11 5796
11 6168
12 6175
11 4911
12 6212
12 6223
14 6224
6 2273
9 2277
14 2921
7 2929
12 2934
6 4496
4 3957
4 3960
3 4448
8 4449
12 5981
13 6885
8 6896
4 6316
5 6180
5 1870
10 6868
2 745
10 745
2 748
1 5478
1 5478
14 3691
13 3695
12 6281
12 764
9 6042
4 6242
8 4361
11 3681
10 3439
1 3440
14 258
14 2688
1 431
8 1476
10 251
4 256
2 3114
2 5948
10 5949
3 4507
12 3863
13 3863
10 3865
4 3874
1 1064
12 504
9 5708
1 5711
5 1947
4 6958
10 6961
5 4358
7 4360
13 4360
3 4370
11 2425
2 3546
7 3547
14 3548
12 3550
2 272
8 5426
1 5428
14 5428
9 6761
3 6946
14 4464
7 4738
