100
8.505 1.0 9.076 4.254 21.222 
5 1
11 1656
2 1661
12 1661
9 1463
12 1463
6 1466
5 1830
6 1537
8 1238
14 1238
1 1245
7 1245
11 900
12 171
12 175
10 1084
10 1855
14 1862
3 1921
6 1921
10 592
11 1339
12 1448
14 550
6 554
5 557
13 1603
13 976
1 987
10 1021
9 1024
13 964
5 972
3 976
12 976
9 1224
10 607
8 1273
4 1280
3 801
12 803
12 98
3 15
5 15
1 189
11 149
2 1227
10 1878
8 1884
13 315
5 1003
6 1006
3 1009
6 1651
4 1654
3 1654
7 1654
9 1476
5 1477
2 1477
5 248
10 250
14 1930
12 1860
10 1360
3 662
10 22
2 1384
11 1506
5 1767
3 512
7 1386
7 51
11 53
3 63
13 744
14 1976
3 1978
6 1147
2 1441
11 199
8 236
11 859
12 860
9 1329
6 1335
12 1411
6 1643
11 1563
5 1567
4 1570
14 1636
13 1889
1 829
14 829
5 1179
2 1180
6 656
7 1131
