200
1.0 0.653 0.419 0.169 0.901 
5 83
1 84
19 79
19 56
13 54
19 37
1 20
13 89
7 50
13 59
15 52
1 68
8 89
14 47
2 43
13 20
20 59
18 48
8 62
14 68
8 5
19 64
11 91
1 87
4 82
2 60
3 58
13 7
1 50
11 1
3 48
19 87
20 99
20 79
8 87
10 70
12 30
1 54
19 42
2 62
8 68
13 37
7 16
5 76
2 95
11 21
20 18
17 41
13 44
1 57
17 80
15 72
11 52
1 32
2 66
14 68
3 93
14 64
18 72
19 17
8 15
19 75
14 35
10 99
15 25
11 13
12 79
8 40
20 23
14 74
20 61
11 52
13 40
2 43
17 56
9 0
9 59
6 38
20 61
4 98
10 47
10 92
8 25
14 53
19 8
3 88
16 64
14 23
18 97
15 70
19 89
20 79
6 58
16 23
11 58
17 73
6 37
8 61
9 18
13 95
16 43
19 65
2 91
10 83
10 41
8 34
17 83
7 41
20 65
17 33
6 24
18 12
3 48
3 93
12 74
8 38
10 78
19 22
16 53
5 89
17 3
10 79
19 86
9 66
9 70
2 26
18 36
7 7
17 90
14 52
5 5
1 14
15 47
9 59
3 52
9 62
11 84
15 41
4 34
9 39
10 68
10 96
3 51
4 18
20 22
5 33
3 67
2 87
18 70
20 71
5 67
15 53
8 39
6 79
8 2
4 54
4 56
1 87
12 3
12 53
8 41
1 57
15 3
4 2
15 26
12 63
6 97
7 94
12 4
11 42
20 12
6 41
5 41
7 60
5 21
4 37
1 22
9 92
16 27
19 74
2 11
2 70
6 48
8 49
3 72
7 18
4 78
19 23
19 60
17 79
3 4
4 65
15 86
5 57
15 45
2 27
3 82
5 41
19 94
12 18
