150
1.0 11.707 12.013 12.578 9.637 
9 30
8 16
2 22
8 63
8 65
15 1
10 37
6 9
13 59
6 20
1 74
4 6
15 68
8 30
12 37
3 3
10 2
10 32
11 24
11 0
14 51
13 65
3 45
2 63
4 33
14 18
15 69
9 63
10 32
10 36
13 31
12 54
14 65
2 24
6 45
2 39
10 52
14 63
11 43
12 15
3 27
11 39
1 31
11 34
6 27
2 37
1 47
3 64
1 44
12 34
13 3
4 64
11 70
3 11
8 4
11 8
13 23
1 15
10 52
7 67
5 23
11 39
15 51
3 56
8 35
5 6
12 42
1 13
10 68
12 59
2 49
12 62
9 20
3 49
3 74
7 16
7 23
1 65
11 60
12 55
10 52
5 49
2 57
9 66
8 63
1 47
12 44
12 18
12 44
3 16
12 1
9 39
3 29
15 22
12 29
13 60
8 26
10 55
10 6
10 30
9 23
10 5
12 46
10 40
4 0
14 46
9 34
9 22
13 59
8 27
8 35
5 6
11 17
2 65
3 69
4 5
2 31
13 45
14 40
11 56
15 32
4 10
13 16
6 4
4 8
11 8
11 59
8 60
7 54
14 42
15 61
11 44
4 62
15 45
2 57
9 59
11 7
4 46
15 57
13 16
4 28
3 65
11 23
2 29
1 21
11 0
12 19
10 16
9 4
2 58
