450
1.0 13.054 18.814 4.907 16.297 
7 2644
7 3315
3 3316
7 3316
3 1854
2 1854
4 3451
13 3096
8 4466
12 4466
12 6680
8 4262
10 4262
12 6029
10 2565
1 8537
13 8537
9 1357
13 1362
1 1364
6 6199
9 4839
14 4847
4 4855
1 4858
14 4858
1 4498
11 6153
12 6156
4 4157
1 4607
5 8814
10 2404
10 2412
6 3908
1 3908
14 3479
10 2929
4 2938
6 2938
14 2943
1 8642
5 2790
12 8948
3 8959
6 503
3 3753
1 3754
7 6096
13 5751
6 5759
12 8914
7 8923
11 328
6 213
8 218
2 219
4 6197
10 6200
2 293
6 294
10 3938
13 1633
1 1634
11 1634
9 3312
8 1200
1 1991
11 2456
3 4683
14 8450
1 8789
2 8789
9 7855
6 1614
12 1618
4 1619
12 63
6 3025
1 7567
12 1359
8 1305
8 5681
9 8554
3 4232
11 2335
5 7359
3 6543
13 5023
14 5025
6 8653
7 8656
13 8662
14 774
9 783
2 791
5 5302
4 1421
4 6853
1 256
9 1445
11 813
13 822
2 3688
6 2340
10 8552
6 7406
3 2152
14 7605
7 1900
12 7552
5 7552
8 7554
4 5482
6 3937
10 630
7 4954
9 5755
7 5756
8 7463
13 7470
2 1848
14 8349
9 2118
14 375
11 3479
6 1582
2 1585
3 7401
3 6096
1 6096
2 6096
14 5251
14 5264
4 5273
8 7096
2 6372
9 6461
5 212
4 214
3 3913
1 111
9 4867
4 4873
10 169
1 6255
14 6255
7 6268
9 3520
8 3525
3 5416
6 4540
13 7496
2 7498
5 5187
4 5188
6 5191
9 5196
6 5351
9 3599
11 4375
7 4377
7 5650
5 8199
12 8199
10 8204
1 8024
3 4905
11 5264
10 5273
13 8819
11 7950
6 7960
10 355
1 2163
11 8745
13 1138
3 5403
5 4425
13 5593
11 4830
14 513
13 2514
7 4193
4 4199
8 1293
13 1297
10 8003
4 6467
14 1947
6 1950
11 3437
4 575
1 8783
6 8783
8 8786
1 8788
8 6373
4 4002
9 4005
14 692
11 2224
1 241
7 241
12 241
7 4955
1 3132
1 3132
11 4368
12 1926
1 1933
14 1933
8 4507
4 4508
5 3353
4 3375
5 2006
10 6954
6 6688
7 6691
11 7850
10 4327
14 7818
13 8925
2 2522
3 7148
6 2128
1 5594
8 2591
12 2395
11 663
7 670
8 676
4 16
8 8721
10 8067
6 5281
5 8070
9 8071
7 1712
1 957
6 2817
7 4650
10 4652
14 4654
8 8139
4 4556
6 1124
2 1780
13 7253
2 7255
13 2136
13 4740
6 4744
3 4744
1 4744
8 4744
5 6760
1 2094
13 2094
11 837
7 300
3 5639
5 4787
3 6638
10 6640
13 6702
6 575
9 1653
14 2431
3 3086
5 6310
9 6978
12 2968
5 561
12 562
2 3404
11 5293
2 5298
11 1235
7 89
11 318
5 5556
5 5560
2 5212
5 1237
2 1239
9 4961
12 4968
13 7745
4 926
2 928
11 2275
6 2276
12 6587
2 729
11 2120
2 5800
7 5800
12 5805
9 5807
13 100
12 1620
10 812
1 818
11 8736
4 1478
5 5242
8 7074
8 7081
7 267
13 7625
3 2939
6 2125
7 2127
8 2131
14 7282
5 2357
2 7781
10 7781
14 6157
14 6167
3 6179
4 6179
14 6179
12 5194
9 4307
4 4483
7 4151
10 4157
7 6932
5 897
8 901
2 4371
13 8084
10 1764
3 4240
4 4240
3 4243
14 5650
10 8159
2 6299
12 6299
5 1785
4 6153
3 857
1 5821
14 5821
7 7848
1 6541
7 6541
12 4350
6 7177
5 3497
6 4689
5 1881
4 1023
11 1912
12 7372
2 7376
13 6906
14 1155
3 6632
3 1024
8 1100
13 2463
1 210
2 4694
12 6760
4 6463
8 6464
1 6466
10 1743
3 653
6 3075
3 1101
4 7756
12 8775
11 6291
7 8576
12 922
4 928
3 6254
11 1263
13 1270
13 1280
1 6009
10 5672
7 8288
6 8294
5 8299
2 8303
3 6554
13 3077
1 2275
14 2275
9 2279
4 7501
2 7501
8 2118
14 8186
9 5531
3 3318
5 698
5 2987
10 785
7 7861
5 7862
9 2312
14 7223
9 757
9 94
2 100
5 100
14 7763
13 7772
14 2376
4 6319
2 8851
3 1856
3 1858
5 5693
11 7451
6 2359
8 3225
3 3023
9 5610
3 5089
14 7485
7 129
14 5859
10 5862
6 5868
2 4531
14 4532
6 667
6 670
2 3540
1 6381
4 6381
4 6036
10 6039
6 1515
2 3221
13 6073
6 6082
11 431
2 6060
6 8342
6 8345
