400
1.0 4.978 24.507 7.2 18.877 
4 7950
6 3061
3 3065
4 2023
4 2024
5 4095
2 4098
1 960
6 6625
1 7482
9 7482
10 7483
4 7489
4 6459
1 7429
7 7429
3 88
2 3948
7 6446
2 6451
1 5749
1 5749
4 5749
7 4523
14 4524
4 4528
12 4314
11 6583
13 6585
3 4345
12 4346
2 3831
12 3831
3 3837
10 4031
12 3119
3 3124
3 5127
12 36
4 525
2 526
6 2817
10 4099
13 4070
13 6994
2 1206
5 1206
13 7179
5 3840
3 3768
6 7318
10 5402
1 1945
10 7541
8 1335
4 2679
9 2681
12 652
14 6717
12 5265
5 4485
1 307
5 307
13 311
8 259
2 3302
8 3303
1 7238
1 5411
7 5411
7 4420
8 4491
4 4656
13 3409
14 3416
11 3419
12 3420
8 495
3 497
10 821
10 4135
6 4009
11 621
6 7305
13 6826
1 4077
6 7504
11 7508
10 7516
2 5930
2 1427
2 1428
13 1362
10 1365
8 1787
14 2827
10 2719
11 6110
14 5738
1 5747
11 6906
10 7327
3 4993
9 3430
12 2260
2 7469
12 7469
2 1641
5 6732
10 6733
10 1961
9 4866
1 1423
6 2262
14 6619
12 6625
11 1447
5 7244
3 4908
2 4908
9 7800
7 3843
11 3843
8 3850
12 681
2 731
3 732
4 634
14 635
10 636
9 2512
13 2512
2 2517
12 2518
9 3347
11 3907
9 663
6 668
13 5007
4 3390
13 3391
11 2719
4 6620
6 6623
12 6625
10 6627
3 6631
1 6292
4 2945
5 4988
5 1470
10 3009
10 6328
8 6329
4 5286
6 837
5 1486
14 1486
8 1493
3 5919
13 1469
6 1471
2 1475
1 1475
7 2543
6 6139
12 1633
9 1640
11 4025
14 7086
1 2471
4 2471
11 5740
6 6158
2 1921
4 726
13 1171
11 5642
4 5647
8 7441
4 621
9 622
13 3315
4 652
3 7105
12 7105
8 1851
9 1858
5 4784
14 4785
7 4791
11 3767
9 3773
7 5079
11 2546
5 2549
2 2552
2 1894
6 2500
2 5486
11 5487
7 5490
1 7621
8 1620
11 758
12 7828
9 7837
3 7840
4 2099
1 2101
12 1365
3 1369
5 6341
4 4624
6 4624
10 1017
12 1026
10 6706
13 6711
9 2191
2 2192
6 2193
13 2942
14 5690
7 530
1 3095
14 6533
6 3866
7 1401
3 785
9 5243
5 3181
3 3183
1 3185
9 3185
12 3185
2 3935
13 3342
7 3348
5 723
9 723
1 191
13 5053
10 2269
3 5756
13 5757
13 5764
5 6907
9 4263
8 6153
10 6156
6 6181
11 2575
5 4549
1 5659
4 1033
13 1779
6 1783
10 5668
2 5675
2 5715
7 4521
6 3979
9 3980
10 5982
4 5292
12 5294
13 4710
4 5642
12 6301
5 6309
12 782
13 6204
12 6205
1 6209
4 5498
14 4263
12 2584
14 1213
11 1700
10 1709
8 7884
7 3203
14 6646
5 3738
3 7446
7 2186
9 5974
2 4088
8 4089
5 2492
9 2495
6 2787
6 7066
7 278
2 281
10 825
2 1051
7 1052
8 5999
12 6596
12 7105
6 7106
2 3367
2 983
4 984
10 985
11 7914
8 7446
6 7451
14 4089
12 7096
11 7099
4 7303
9 3193
14 3917
3 91
5 92
14 4683
1 5888
7 5888
12 5891
8 5897
1 99
8 5460
4 7514
12 4300
10 4235
13 1092
4 121
10 122
14 124
10 4489
1 3534
11 3534
12 5743
6 5753
14 5737
4 5031
8 6064
7 5353
11 5356
14 5361
4 1989
9 3998
12 3998
3 2981
10 3644
2 1739
1 2552
7 2335
5 2339
11 4178
5 3510
5 3675
8 2220
13 5453
5 5455
13 5455
6 4346
2 6907
11 4418
9 4422
11 3647
7 2381
13 3349
9 2003
10 2010
10 5705
5 5712
7 5713
2 5713
11 5308
7 7079
10 7082
11 5364
9 5366
10 1044
13 1428
14 5778
6 610
1 2103
1 2103
9 2103
12 2105
7 2110
9 2112
7 4269
2 4201
2 4201
14 4201
4 2353
11 1840
11 6373
7 3550
14 7188
14 5071
6 5077
9 5079
2 5084
