450
10.649 1.489 1.0 1.029 2.046 
4 1
38 30
31 119
39 92
36 112
45 33
35 158
5 116
1 95
23 192
34 185
23 209
45 192
7 210
28 101
21 193
2 204
4 51
13 126
38 30
28 72
30 139
34 77
41 63
2 39
32 19
6 47
24 180
44 34
13 118
14 174
41 147
41 133
31 178
3 39
3 49
37 195
1 219
2 8
20 171
12 164
37 138
44 144
2 201
29 109
14 10
15 59
11 79
20 188
35 197
24 80
1 197
36 61
39 50
4 21
30 128
20 167
5 35
6 176
21 16
30 101
45 39
30 23
34 146
32 181
19 141
14 87
13 63
38 78
22 156
43 199
27 202
42 83
32 122
31 0
20 182
13 33
36 4
10 194
20 224
13 189
24 19
14 109
25 91
25 220
26 192
41 194
41 136
39 175
35 151
5 124
10 161
21 186
36 109
44 207
11 143
30 164
35 205
22 75
20 66
6 77
14 69
25 110
2 53
3 139
21 90
9 13
2 33
7 130
18 107
17 207
33 190
39 134
22 16
32 119
39 118
39 16
16 47
15 196
22 197
35 117
40 202
33 79
3 213
30 7
24 219
24 195
13 66
13 217
9 69
9 75
36 24
21 185
26 194
37 223
36 79
34 101
27 172
36 129
40 41
33 221
31 28
41 159
6 31
23 51
43 98
14 108
12 136
44 139
19 224
5 214
22 24
26 22
13 95
13 216
32 132
45 185
9 93
26 11
45 158
15 18
40 172
9 186
24 62
25 83
22 59
5 84
29 212
38 186
5 18
16 199
23 129
7 21
12 216
11 215
31 103
3 111
6 135
21 156
5 12
28 70
39 147
15 87
15 119
38 39
45 149
38 216
11 146
33 151
3 159
18 104
40 149
8 39
6 179
5 175
33 164
20 181
28 177
13 96
40 22
39 89
12 131
11 148
26 202
32 156
30 153
10 126
39 129
18 107
26 38
23 110
43 177
13 104
15 154
35 31
35 179
5 139
40 47
1 21
16 83
27 78
39 200
9 83
29 18
30 188
3 71
20 67
26 18
36 155
26 113
27 90
25 21
14 97
13 213
13 117
25 67
24 106
21 19
40 52
25 174
36 181
38 157
44 132
28 117
32 135
18 143
28 90
16 3
23 92
24 63
43 33
6 165
9 201
43 110
37 224
2 41
45 178
31 220
8 138
11 123
41 79
5 183
12 55
23 137
30 95
8 192
38 36
23 113
43 119
19 51
14 140
25 19
33 140
34 222
10 205
15 109
3 162
17 128
35 149
25 136
5 201
27 202
31 113
1 60
32 110
39 112
9 112
43 52
18 86
10 27
26 148
3 190
3 184
19 201
15 155
44 47
27 40
22 114
22 186
17 112
35 128
24 14
3 202
18 89
35 189
38 220
4 166
40 4
43 75
2 101
28 31
13 99
14 141
16 221
19 153
30 165
8 140
36 92
15 32
41 42
18 113
16 184
24 192
10 154
4 164
2 172
35 183
34 79
25 210
33 129
11 124
35 208
19 65
22 98
21 38
30 145
12 49
23 100
16 213
40 34
37 132
22 113
6 52
9 173
17 175
29 90
5 32
42 202
21 114
19 199
27 123
10 170
7 1
13 149
9 81
37 121
32 117
29 134
10 25
37 149
1 204
18 7
40 16
15 155
8 34
21 66
41 214
33 61
23 80
1 32
16 200
11 136
44 214
34 94
17 8
16 31
13 172
10 97
5 64
25 159
36 172
2 136
32 186
12 138
11 85
45 67
30 215
42 96
9 195
8 47
34 20
23 19
44 0
22 16
8 75
37 4
6 41
12 86
23 219
34 175
22 110
42 221
30 28
8 172
41 143
19 25
9 219
12 169
1 66
45 154
20 42
35 199
15 43
11 103
33 89
1 224
44 200
31 193
5 143
36 178
9 95
32 112
25 28
9 26
20 117
18 171
39 30
30 182
41 199
34 124
2 126
35 81
16 36
28 73
32 201
17 222
26 175
45 136
31 93
3 80
40 174
21 50
42 142
34 170
27 57
3 59
3 161
5 34
3 102
45 105
