500
0.083 0.668 0.555 1.0 0.925 
11 148
8 215
38 159
36 239
40 64
36 13
36 51
18 116
50 49
9 156
22 239
42 8
31 236
15 171
10 130
7 171
3 113
24 179
36 197
23 142
21 157
24 26
41 191
21 78
38 15
19 0
22 245
32 41
29 246
22 20
48 224
33 238
11 124
25 179
45 157
16 130
37 132
9 108
1 168
16 17
34 168
19 49
21 58
5 178
9 204
14 158
33 77
12 140
6 118
45 199
23 92
25 99
14 85
7 135
32 113
10 217
8 33
18 39
47 89
36 237
23 22
20 36
26 32
48 194
41 101
3 61
2 218
45 127
43 237
46 154
1 33
7 232
15 84
42 115
42 11
15 30
7 89
36 196
47 165
5 58
35 228
2 102
47 188
39 9
40 143
11 117
30 87
30 155
1 154
35 133
6 90
43 113
9 136
5 56
7 224
28 171
13 56
46 130
6 61
5 42
34 3
43 124
10 98
36 171
15 154
34 117
30 68
7 58
20 69
3 173
18 181
40 6
50 239
7 45
38 189
6 219
39 36
34 122
37 136
47 238
14 79
10 49
44 65
27 241
38 231
26 31
43 186
27 7
26 91
22 52
7 66
12 177
33 170
5 179
48 138
12 43
43 14
43 208
23 232
48 21
1 30
42 76
3 118
8 207
18 151
33 197
45 55
9 218
39 153
44 30
25 247
23 106
30 177
17 117
37 76
30 5
48 67
46 42
22 225
44 217
24 59
14 153
16 50
37 7
33 4
27 209
32 95
32 190
19 169
3 217
3 133
5 107
48 170
17 142
1 194
13 34
15 83
30 64
26 246
2 215
47 211
25 34
39 249
45 114
19 104
41 6
7 165
31 174
14 52
39 9
13 30
2 103
13 161
40 118
14 182
24 142
38 113
36 131
30 241
48 85
39 100
20 208
18 52
30 38
22 58
24 134
20 216
42 172
11 191
42 137
34 68
23 168
25 161
19 128
11 91
47 159
25 93
38 151
44 157
28 100
21 36
39 171
38 64
25 127
45 87
34 227
3 227
33 224
36 86
5 122
44 235
18 41
17 27
49 86
25 243
34 161
10 166
3 169
44 67
9 99
44 93
47 139
47 63
46 238
49 193
37 51
39 55
9 116
36 199
38 100
49 210
37 34
36 151
12 33
49 183
44 31
4 138
29 231
24 240
33 224
25 190
8 192
16 18
36 244
13 41
30 78
29 78
47 241
19 141
10 125
19 160
11 12
36 122
4 50
33 111
34 194
20 120
39 207
19 12
16 56
17 159
43 170
47 91
46 153
3 66
26 213
28 164
4 243
15 243
25 56
44 237
14 164
28 171
13 126
11 246
15 171
18 197
9 226
40 36
37 11
19 28
50 85
6 36
41 148
36 235
11 231
36 150
14 132
36 121
23 230
16 195
24 144
47 19
31 170
36 204
45 141
46 77
42 5
34 52
26 133
14 162
40 14
42 245
12 46
22 88
14 101
37 6
50 203
46 114
49 30
12 35
29 244
7 205
19 232
42 4
16 225
8 123
36 75
38 209
44 6
35 241
16 35
40 148
39 90
16 18
47 91
30 247
43 139
39 30
24 173
19 55
5 26
29 120
4 72
19 73
47 130
29 138
4 188
46 181
11 78
47 51
18 174
2 99
47 230
27 85
23 160
7 54
20 38
16 57
42 247
6 194
16 192
47 108
41 209
25 14
21 117
48 137
29 134
44 55
28 64
28 108
46 18
13 165
7 145
16 136
41 92
23 183
21 248
37 60
22 156
38 180
42 213
23 26
30 137
38 200
21 178
4 29
40 192
13 22
11 230
14 220
41 68
28 98
5 69
4 3
44 225
14 156
26 186
26 155
19 87
40 83
24 28
31 217
25 7
17 138
21 92
21 191
32 186
15 68
29 217
3 184
48 243
43 139
24 99
18 64
3 198
18 106
40 161
44 119
10 215
11 43
27 208
19 128
3 238
46 70
43 20
13 167
29 20
5 229
41 147
24 181
16 127
4 136
49 172
35 99
11 114
49 231
34 122
1 224
17 160
27 9
27 61
45 63
48 76
36 119
3 35
9 100
30 229
34 109
46 42
45 244
28 134
39 225
24 45
29 89
32 224
8 242
38 37
2 238
4 182
32 24
4 81
22 35
16 27
25 65
18 221
14 44
32 122
25 211
14 194
43 23
44 208
14 191
31 158
39 102
19 144
47 35
21 200
17 48
13 215
8 230
5 198
17 55
3 227
49 234
16 119
14 189
48 119
25 73
34 247
