400
0.144 0.363 1.0 0.827 0.582 
33 100
15 119
18 174
24 108
30 163
24 75
37 106
36 196
19 86
23 10
2 158
32 92
2 60
13 25
40 21
1 71
28 196
32 168
4 171
36 130
30 111
40 162
3 46
33 180
39 112
37 73
21 31
19 21
8 189
34 123
28 112
14 144
34 149
37 33
2 22
7 162
19 65
4 12
22 159
23 154
9 60
32 33
15 90
16 113
12 5
29 92
30 99
29 137
16 34
32 93
8 77
30 152
16 37
15 31
34 8
25 44
20 32
28 198
10 98
10 109
3 89
18 158
20 112
3 199
25 49
14 17
2 132
4 47
26 46
30 191
34 29
4 67
12 94
5 196
28 68
5 173
1 190
4 159
33 115
11 158
34 148
18 55
13 102
37 132
12 90
5 70
28 3
2 62
14 4
6 112
16 171
21 164
9 62
33 130
33 96
34 41
22 112
18 53
19 127
22 19
11 4
32 113
27 197
17 55
14 132
13 140
26 116
23 143
7 38
35 139
24 36
34 117
2 137
24 141
17 84
17 79
18 47
18 125
35 128
13 139
23 107
28 62
5 129
38 97
16 50
39 118
2 115
25 190
1 195
1 13
19 16
12 21
30 25
17 109
8 167
24 37
5 29
23 81
7 129
6 8
24 102
40 40
3 55
2 119
8 186
16 120
30 31
27 56
10 140
31 77
22 78
24 178
29 86
36 81
19 6
35 142
18 14
12 83
23 95
26 133
2 50
19 42
20 126
32 62
19 29
40 105
33 130
16 62
27 138
13 186
29 124
18 23
19 37
5 165
10 52
27 20
12 15
12 48
27 0
1 33
21 32
34 101
13 183
4 189
2 165
32 97
33 7
38 88
30 1
16 193
40 180
35 175
2 61
8 76
5 26
10 181
19 137
15 198
22 135
33 114
15 82
39 88
11 180
12 125
8 60
9 139
37 35
22 155
31 175
11 36
7 39
21 79
1 164
5 22
16 160
26 73
13 111
14 125
23 182
30 34
28 124
3 135
21 107
6 59
7 171
17 3
22 92
32 91
36 29
6 155
39 6
35 56
25 174
11 83
1 114
10 122
31 195
28 89
12 171
33 149
7 83
5 173
36 36
30 149
16 40
30 184
16 172
1 9
22 85
16 198
37 99
19 138
36 102
22 125
22 76
34 3
11 93
12 62
15 43
11 80
16 81
35 65
29 150
30 64
1 174
26 74
7 142
30 21
8 18
30 40
24 116
38 169
6 83
2 18
2 190
28 57
17 107
7 146
3 153
32 3
22 166
37 196
27 6
30 96
30 169
31 37
20 95
39 84
29 10
11 173
24 144
36 123
22 60
23 151
38 0
19 12
32 169
29 182
29 127
39 191
35 112
7 24
15 120
27 152
3 6
19 60
39 38
31 171
3 22
39 173
3 144
9 160
3 131
21 78
18 46
13 182
27 34
16 189
29 27
6 97
37 11
13 170
26 3
9 157
30 39
19 14
28 44
8 154
20 112
10 79
4 126
13 128
1 5
7 48
27 61
26 98
30 173
14 27
4 51
15 21
16 145
38 152
38 144
11 7
39 12
8 109
24 4
9 34
25 68
40 53
19 161
37 176
19 24
2 43
11 59
20 174
8 1
37 158
38 145
15 99
31 27
27 172
2 11
24 135
16 90
23 33
18 3
18 6
7 151
13 62
2 30
4 20
15 187
28 164
30 18
31 137
24 192
23 112
15 127
27 76
10 93
7 7
5 80
37 169
31 112
18 56
21 57
12 69
28 91
23 7
28 88
15 70
7 73
7 149
9 21
24 61
26 183
13 3
22 91
3 149
