200
1.0 14.886 21.84 8.429 19.994 
7 2372
9 2376
4 2381
3 1985
5 3274
7 1838
3 446
3 438
5 1268
13 1270
9 1278
9 852
12 853
1 1679
2 3175
3 3176
4 3277
9 1557
11 1561
4 1243
9 2315
13 2584
5 1738
7 1937
11 761
14 761
12 770
6 2027
8 1206
11 1212
9 1215
14 1217
11 1230
9 1239
2 1413
5 1910
12 1233
13 2051
6 950
5 2736
14 2536
7 3545
1 3549
12 3549
7 3558
1 1662
11 1662
5 1671
2 1027
4 1027
9 1170
10 299
5 3582
7 99
12 2847
2 1177
2 3706
1 1082
10 2962
5 865
12 3319
9 1347
1 3782
7 3149
6 3154
13 2596
9 2603
12 2869
6 2870
4 1218
1 1218
8 2830
13 2831
13 2843
2 563
5 582
10 32
1 33
13 2375
1 2387
14 3647
4 3655
4 993
4 616
11 1425
6 281
3 283
2 1258
1 1258
14 1515
14 2048
11 1227
6 2789
13 2792
13 2803
7 639
7 1985
1 2289
4 1887
11 2361
5 2369
7 3950
13 3760
1 1362
13 1362
7 1371
7 1371
10 879
7 1574
12 1574
7 1583
12 1585
9 3118
10 2620
8 1783
5 1143
8 3153
7 1010
9 1014
2 2446
2 2446
14 1749
13 3607
10 3276
10 1947
11 1403
14 1412
12 1419
2 1420
6 3457
6 3932
10 3676
9 3684
13 941
4 945
8 3238
12 3238
8 908
1 561
14 624
1 2439
7 3040
6 3040
4 1535
8 1097
3 1819
2 344
7 345
5 2016
13 3885
13 3889
4 848
5 3818
3 2139
1 3192
11 3192
6 3530
7 537
6 537
3 1331
4 1332
8 1334
10 2633
1 1857
9 1857
14 1584
3 2132
13 2132
9 3192
8 2224
12 3492
10 1297
11 3533
7 3535
6 3539
2 2054
12 1469
14 1477
13 1483
2 1495
4 464
10 3808
1 481
11 481
10 3910
12 101
8 962
12 2233
2 3530
9 2821
3 2823
3 2824
5 1532
12 1987
6 2141
8 416
12 745
14 2688
4 2783
13 2945
