500
14.721 11.17 1.0 5.686 5.433 
11 1
6 4241
14 4245
12 4251
11 3119
9 2893
5 9421
2 6931
2 6717
11 6718
8 6718
11 6074
14 6081
14 6082
10 6086
14 6199
12 1598
6 1598
12 1598
1 1607
4 9148
7 9149
10 1775
14 3604
11 3604
1 2756
2 2756
6 2017
13 2423
5 5697
10 3356
2 3362
12 3362
10 8705
9 8706
8 891
2 897
8 2004
12 7959
8 7405
2 1611
7 7581
6 2478
4 9375
6 9377
7 9380
12 1457
3 6282
2 1329
11 1330
14 3476
10 3652
3 3656
13 3656
13 1860
9 1868
5 1870
11 1872
3 1874
11 4442
14 7335
6 9944
3 5644
9 8269
8 6988
4 9545
1 9546
14 6709
4 7678
10 5694
12 7826
2 7828
8 685
10 690
9 2746
10 2748
3 7952
11 7952
11 2477
10 9006
8 9014
13 9014
14 6741
14 1522
5 6115
8 6118
11 5492
4 1408
4 1409
1 1409
10 8546
14 8554
13 4776
2 4782
6 8665
7 6783
13 6483
8 6486
4 4565
4 9262
4 3734
7 9384
5 8939
3 8939
8 4637
9 5726
14 364
11 375
6 6044
6 6432
5 2049
11 2050
2 2055
12 2055
9 2066
12 5975
5 5984
13 445
2 5813
8 9398
3 4350
6 332
7 26
6 5505
6 1302
2 1303
2 4546
10 1480
12 6481
8 6112
4 6118
14 6120
4 79
12 490
1 6039
7 6039
1 6042
9 939
3 947
6 948
13 5627
14 5634
7 5645
14 9905
5 2892
1 5565
6 5323
10 8259
12 7663
4 7663
8 5697
12 1299
12 7560
10 8203
11 1173
9 1181
14 1183
9 964
9 7663
11 7670
13 7679
14 2227
3 5881
1 5405
4 7161
6 5365
9 3447
6 3447
3 8880
4 8882
14 9177
12 2412
5 2416
10 6777
3 6777
1 6779
4 7638
6 7590
9 7594
7 3460
3 3463
9 3465
4 9607
8 3003
13 3007
7 5236
9 1015
12 7063
14 7064
11 7068
12 7725
6 7731
5 7732
14 7736
1 2420
4 4945
13 3362
4 1294
1 1297
9 1297
7 5560
6 1661
1 6603
8 6603
6 1445
2 5091
11 4802
2 4805
8 6879
12 6555
13 6562
9 5530
7 1737
3 4646
9 8945
10 8946
8 8233
13 8299
7 361
2 366
12 2890
12 1511
9 550
4 553
6 555
8 559
6 565
8 2506
10 3587
9 3595
1 8646
3 3859
14 707
5 3363
4 7911
7 3514
12 3518
13 3528
12 2280
4 208
12 6098
1 8701
2 1525
12 2939
5 6481
14 4159
6 4169
4 5204
6 6041
4 6607
2 7016
9 996
1 3771
3 6142
13 6142
4 6153
4 3460
12 4537
6 4537
6 4087
4 4088
2 3851
10 3851
4 7201
2 5771
11 4997
9 2162
3 7574
14 2237
3 2243
8 2245
14 8836
8 3372
14 3374
9 5942
5 3515
10 683
14 847
6 2723
3 3362
4 61
8 4256
3 5209
3 8679
10 4873
3 9149
5 9926
4 9929
5 7189
8 9892
8 4904
1 2300
2 2300
1 3629
1 981
7 981
2 2002
4 5204
7 5205
12 5205
10 5212
14 5217
6 5228
2 4963
14 6568
13 505
13 3705
14 4130
12 4132
6 4142
3 8126
2 6010
2 4558
7 1017
5 1018
8 1019
1 4477
13 8890
4 8901
6 8902
8 7168
13 7813
11 2478
9 2486
8 3926
14 2694
9 2705
12 5017
12 6279
7 6280
9 5948
14 6359
9 6368
9 1579
5 1581
9 1584
14 3366
7 4938
1 9378
9 368
12 8987
10 8993
7 6523
13 6528
2 3505
7 6975
3 6981
7 6983
7 2308
2 2312
14 2312
9 7111
1 7657
6 2026
12 2031
8 2041
1 4281
5 5229
12 5377
10 2870
13 2877
6 2883
13 2888
13 1264
13 4330
8 4336
12 4033
2 4425
13 3404
12 2191
5 8154
1 5335
12 1723
12 1772
4 1774
10 1777
4 1777
13 8948
5 5799
7 3494
5 3500
13 8323
7 8331
9 8333
2 2242
7 2242
14 6058
6 6060
2 6062
9 6063
5 2950
13 7381
4 9316
1 2750
5 2750
9 4147
13 6690
11 3861
10 6817
8 9212
7 9213
7 340
11 4835
11 4837
8 3741
2 3530
6 3530
4 6053
7 8139
1 5599
1 5599
5 7759
14 7760
7 814
2 814
10 3744
10 3753
12 3762
12 3771
12 6690
8 7598
9 4142
6 4145
11 4147
9 2185
10 3845
7 5119
14 9547
12 829
4 2426
4 3451
1 4818
1 4818
9 2861
12 2282
9 8086
7 92
8 4746
9 6654
3 6654
14 5208
9 3756
9 3763
14 3764
8 3774
10 3776
3 9671
11 8435
13 8445
3 8449
11 3776
13 1815
10 1818
7 6367
11 716
14 726
14 4481
3 4484
2 4742
3 545
6 7732
6 3740
10 3744
8 8114
4 3162
11 9206
9 4743
3 8965
10 8966
12 8975
2 1904
10 7307
10 7122
14 5951
8 950
1 2977
14 2977
10 5549
1 9462
9 7439
3 7440
9 1974
14 3010
12 4505
4 2982
10 8492
4 4891
9 4891
10 2583
10 2592
13 2598
1 5112
3 5112
10 133
13 133
1 3917
8 50
8 5426
6 4576
12 4799
