250
16.321 8.438 11.915 1.0 17.566 
11 1
14 332
10 27
13 36
1 45
3 45
9 1362
11 4356
6 4364
14 4369
9 3348
9 2083
4 4564
9 3835
4 703
9 3143
9 3706
14 3712
4 2757
5 2758
1 4407
10 4459
2 4465
2 4465
6 3351
2 422
5 52
5 284
3 1687
1 385
6 1629
2 143
12 143
8 151
8 2539
6 2544
13 933
8 939
14 815
7 1759
5 4658
8 812
2 2379
13 2524
6 1260
5 970
10 21
10 1620
7 4615
3 49
4 654
4 2570
14 3418
11 3523
11 3526
8 2190
1 4439
3 4439
10 1021
2 4377
4 4377
7 4378
8 4380
3 3559
14 3560
10 940
3 3283
3 3284
10 607
11 609
14 723
14 4933
9 4944
12 3604
12 166
1 4370
12 4370
9 4381
6 4388
10 4068
7 4071
7 2009
2 2376
3 2376
7 2530
6 3658
13 3661
7 3661
7 3667
12 4535
2 4559
5 4119
2 482
5 1854
10 4018
12 4022
9 2255
5 4768
8 3298
14 3299
6 4860
6 3386
6 3387
12 3041
11 3628
11 3634
8 534
6 165
2 1715
9 1716
9 1724
12 2807
13 2618
1 1293
5 1293
8 2448
10 4585
12 571
6 1413
12 1415
4 3373
4 797
11 2695
14 2608
10 1974
13 1437
6 850
10 4431
9 1056
11 2188
6 2194
4 2135
6 2137
12 2142
3 2145
4 2832
8 1577
11 934
14 4700
13 4700
4 4710
11 4711
14 1922
12 1771
10 289
13 289
9 3316
1 839
5 1208
11 557
11 4651
13 4274
10 1933
7 660
8 1194
11 1198
5 1198
8 2707
10 3478
11 4155
14 281
3 4708
14 3490
2 3493
2 3493
1 2534
10 2534
4 408
10 410
3 1878
9 2599
2 4813
10 1328
14 810
1 819
1 2743
13 1476
11 4768
10 2267
2 2274
11 1557
9 1288
6 1357
8 1361
12 1375
14 4533
14 4889
4 4210
13 194
5 1351
7 1354
14 1354
1 3046
1 4113
10 2933
6 4311
9 4311
3 233
10 234
7 239
2 65
3 2300
1 2300
14 2300
9 2303
12 2907
6 2913
14 2918
13 3774
5 1287
12 1291
14 2815
10 2103
6 2103
11 3036
5 3108
1 2282
9 2713
10 2720
2 2059
8 2408
13 2059
6 2059
3 2064
11 4145
7 301
4 3478
14 1764
11 4192
8 4007
11 1762
12 1768
11 4394
7 3878
2 914
8 1555
2 1557
9 4137
13 2971
2 2308
7 1517
1 1523
5 1523
5 1527
10 3524
13 2878
1 2884
2 2688
13 2688
12 4854
