300
25.475 21.065 8.211 1.0 11.716 
12 3881
9 3888
11 3888
10 764
5 764
5 5202
2 1081
6 4643
2 2086
12 538
2 542
5 2942
5 3888
13 3387
6 4761
2 4765
2 4194
11 1448
9 1457
2 4457
9 4458
5 3985
4 3766
13 3766
10 3769
2 3776
2 3940
4 4596
12 3913
1 3918
5 3920
14 329
9 5708
4 4456
7 2324
7 853
11 855
14 862
7 4385
8 2976
4 491
4 492
5 224
5 1606
14 1609
5 1611
1 446
12 446
8 454
5 457
10 4625
12 4629
5 501
4 505
12 508
8 515
2 5784
2 3783
4 2104
9 2475
13 5921
5 4871
1 4871
7 4871
6 5101
1 3333
13 5825
12 5826
13 310
7 314
13 541
4 545
6 3787
10 3788
13 3793
5 3237
1 3241
6 2549
12 2436
9 3095
5 3100
11 5848
10 2689
7 2693
4 3636
3 3448
14 3449
10 569
10 3091
11 3096
3 3099
4 2992
12 839
8 5647
3 5654
3 5655
1 4647
14 4647
11 4652
8 4653
10 4994
10 227
13 231
9 3167
13 3291
10 3298
2 1491
12 1491
11 1501
14 1504
8 5871
5 5878
10 4588
1 4835
10 785
11 2929
8 2935
2 1594
12 2105
9 3025
3 3032
5 2690
2 5118
8 1122
11 4157
4 4161
12 1286
14 2853
12 2864
7 2867
12 511
13 4225
12 4231
5 5924
1 5770
11 5770
14 5816
14 5818
8 5846
8 5846
6 5420
14 2642
10 157
2 5634
3 5635
13 4747
5 4852
10 4017
3 3418
2 3418
3 3418
11 1727
3 1728
2 1728
5 4213
8 4215
2 2700
11 2701
2 2571
4 544
12 5259
12 5268
11 4172
6 4176
13 4181
11 4184
13 5067
10 3797
14 1955
13 4001
1 3052
9 5903
7 5908
7 691
12 3881
2 1941
5 4432
11 2218
13 2218
9 3388
13 3395
3 1983
4 2627
7 2666
8 2668
7 1905
6 513
13 1267
4 1271
8 1271
12 3533
13 342
9 4519
6 5572
6 5575
9 3606
11 279
8 4061
6 4062
8 2838
13 2940
7 3300
4 3306
12 3309
8 75
5 82
11 5800
11 5820
7 2772
2 370
1 3190
2 2558
10 1560
9 4003
12 711
14 721
4 5162
5 5477
2 5479
11 1238
7 1244
9 1250
13 1590
7 463
12 463
11 3643
14 3649
8 1245
9 1245
11 846
1 847
14 3644
4 3648
11 2914
5 5506
11 447
2 454
2 455
11 2944
10 3480
7 3489
9 738
11 5801
9 800
7 3495
1 12
13 1845
14 3447
1 3454
11 3164
2 70
7 1484
1 1567
8 1567
14 2671
10 2677
6 4929
3 4933
3 3309
12 2125
7 1009
13 1013
4 5152
3 5154
7 5155
9 1247
10 3334
14 4849
13 2596
5 4949
12 4534
6 3369
14 4873
9 5377
9 4773
4 4778
8 1140
3 1140
13 1140
1 4150
11 3979
14 1404
9 3110
1 5417
5 5417
3 5
5 5
7 726
9 729
3 930
14 932
13 5369
5 5376
4 5380
13 5758
11 5767
1 5771
5 3436
11 3437
12 2581
